-1.017089750090233480e+01
-1.124940821062037344e+01
-5.668646799126483948e+00
6.506807432375867339e-01
5.598700630570238035e-01
4.247030167284748803e-02
1.067080737657673639e+00
8.932535433255470725e-01
9.185623885982419079e-01
1.154455933058286199e+00
1.221012372346433228e+00
1.217681055757432018e+00
1.130712464528247363e+00
1.564387885538360168e+00
1.899514717293706578e+00
-8.089250911602459126e+00
-8.367992443932699587e+00
1.944683986908158246e+00
-9.412989929071523321e+00
-8.953308191038185981e+00
-1.048695608521884104e+01
-1.027407536638080998e+01
-8.957701744904202457e+00
1.520839597812098321e+00
1.505340233731607524e+00
1.491065914687582650e+00
1.448000205014874586e+00
1.424808455828938447e+00
1.399258714891342681e+00
1.421286113296867271e+00
1.310482717727705637e+00
1.283529281336558636e+00
1.295256279728101534e+00
1.267671393291248672e+00
1.261028018635845127e+00
1.032517295358857945e+00
1.105455912692633103e+00
1.015620799389965967e+00
1.018567426919919194e+00
1.029326874915875711e+00
1.045298423183738556e+00
1.043963067314986004e+00
1.040841979267411954e+00
9.723365271517518948e-01
9.429529427202137937e-01
1.043279728223711178e+00
1.089917200133625252e+00
1.034897280456909652e+00
1.120449979783497474e+00
1.070839918387387568e+00
9.710316270608382316e-01
1.091624972266574733e+00
1.063881213999211317e+00
1.092322609720031812e+00
1.059693869024415536e+00
1.154997929217872032e+00
1.095980200951998107e+00
1.139941315473427919e+00
1.058972547235568884e+00
1.081078999001505059e+00
1.026670461960578873e+00
1.036003696403971386e+00
1.111844004923446816e+00
1.113256454036680942e+00
1.122848717028497312e+00
1.125995463976974920e+00
1.279867013137844678e+00
1.127558610115347637e+00
1.020070125504238590e+00
1.065069427248214406e+00
1.148988986512085475e+00
1.121773142202902918e+00
1.066159774848119746e+00
1.077230352129587843e+00
1.043113995187069154e+00
1.178458944410354592e+00
1.065265694727681955e+00
1.255113684125353846e+00
1.122610167600833098e+00
1.078093433466940754e+00
1.069342939893134004e+00
1.052630542747039266e+00
1.106298276817995196e+00
1.084183944443526837e+00
1.059071236510892522e+00
1.052420049452599482e+00
1.079930154998813174e+00
1.069824043278341907e+00
1.057074362666580614e+00
1.081021620123448379e+00
1.078178034014795728e+00
1.080614611575411166e+00
1.082226033204669147e+00
1.076391461091238622e+00
9.639818558874682086e-01
9.789870495250356797e-01
9.697222495205004567e-01
9.762471326379817960e-01
9.780847712362978896e-01
9.772236667879621308e-01
1.071854504394608831e+00
1.063098775178027644e+00
1.051439131887960121e+00
8.384063019939355099e-01
1.042896171095383684e+00
1.069924990714481439e+00
1.022770685298639126e+00
8.235402440077250752e-01
8.430669308901823644e-01
6.960383837071083546e-01
7.671023195389556903e-01
5.989050683125047847e-01
6.516717995328161761e-01
6.809914216679968657e-01
6.873445687491007705e-01
6.949713991022302695e-01
6.843684821525481965e-01
6.875049704334447176e-01
6.960280632645774457e-01
6.886672404528333402e-01
5.960800406594720657e-01
6.071261462134286413e-01
6.896433712990782672e-01
6.132093931748865412e-01
1.010418278049157959e+00
9.785131150364001495e-01
8.186876650799483901e-01
8.244043273612471356e-01
8.271376006964222816e-01
8.205253716531382135e-01
8.471596364406178692e-01
8.324984727745204927e-01
1.033412497796458052e+00
1.039895784812046697e+00
1.333354744610020459e+00
1.191795803648738383e+00
1.336800919011361222e+00
1.315460455328103073e+00
1.454697009638448613e+00
1.435913207152481830e+00
1.374288482233665176e+00
1.366028591296603922e+00
1.351809613178948988e+00
1.464115335123430617e+00
1.484429533788052646e+00
1.506296393521973531e+00
1.475830402941984199e+00
1.470370614147596289e+00
1.498376953210211360e+00
1.512712285172931992e+00
1.576622333723313174e+00
1.571883522579232917e+00
1.480208313091353256e+00
1.503182930154165042e+00
1.521520866007432415e+00
1.462894264902750541e+00
1.416847717195316880e+00
1.490712608772255976e+00
1.419137260301381653e+00
1.166241396867949476e+00
8.436592544184688958e-01
1.183057751729738927e+00
-1.881232982418440391e-01
3.986716064472016208e-01
2.368550576178217737e-01
4.530297367679962384e-01
8.127114397333701223e-01
7.537013763090266716e-01
7.805985322998616471e-01
3.281484476190971167e-01
7.815475330802937881e-01
7.790014813042480668e-01
7.927680412119040287e-01
1.165456630866429810e+00
1.146454560062354577e+00
1.162769902709107406e+00
1.137951994807842926e+00
1.133073485395833302e+00
1.127033706445287553e+00
9.558414034705817741e-01
1.149689055327299370e+00
7.751453004287773840e-01
1.201238623604583777e+00
1.094649860497095784e+00
1.102488494803301577e+00
1.099024202997119559e+00
1.032613236866726014e+00
1.017187329842577981e+00
1.207811851909259548e+00
1.100438076425793499e+00
1.080818594163576396e+00
1.185122148196084302e+00
1.089821602822024005e+00
1.119691221530169534e+00
1.099630325456660618e+00
1.112819105139940090e+00
6.840494263101728478e-01
1.113454864115683174e+00
1.145852008466562211e+00
9.030366388905000097e-01
1.124945210525852834e+00
1.134799223555352343e+00
1.098482973897352055e+00
1.071465177551031545e+00
1.093380582708358251e+00
1.108350496154655751e+00
1.024430859168199204e+00
7.362718846319450394e-01
7.570633333841561008e-01
7.542775306776656752e-01
6.922907242454596766e-01
7.442601322380023587e-01
7.675206691118735547e-01
7.955254242950688948e-01
7.682250843287456998e-01
7.516201634013346400e-01
7.612990544156845729e-01
7.824313904772743911e-01
9.559955663427806005e-01
9.382653752303879990e-01
9.405301165452955026e-01
9.660619440998635676e-01
9.567317780700770324e-01
9.362764396769173159e-01
9.604637581567172511e-01
9.468196110526555520e-01
9.698365609189544267e-01
9.625401387219467697e-01
9.689399462337208169e-01
1.073739135260957545e+00
9.689025728216368316e-01
1.097171666884572350e+00
1.132406331292831414e+00
1.082460935895514176e+00
1.143223005236020384e+00
1.070005397139129233e+00
1.110055166960849604e+00
1.113588567605685142e+00
1.113932356694042225e+00
1.110912884673787016e+00
1.106442633170070078e+00
1.179017281410678741e+00
1.200477886127748084e+00
1.115926633963761461e+00
1.092132330858039735e+00
1.043562927518403738e+00
1.111897124284420668e+00
1.110889880844657007e+00
1.117562597362854238e+00
1.112612705077667963e+00
1.170780640198261446e+00
9.383148450508906890e-01
9.745057251298088197e-01
7.451581839281313790e-01
9.447433646147755937e-01
9.987662248394501008e-01
8.702027709102153619e-01
9.594616865802012562e-01
9.705920122783846526e-01
1.164697438264438389e+00
9.302031922191003055e-01
8.849116681171058652e-01
9.156539842485112990e-01
9.430350779349002677e-01
1.211315739089829924e+00
9.176188348261952177e-01
9.061206978262775769e-01
1.074981318898409866e+00
1.106932280780651867e+00
1.155582021656141878e+00
1.034824400843881831e+00
1.192827440011861917e+00
1.178792265336385814e+00
9.144686121655338784e-01
1.013330199593150516e+00
1.104730608036089246e+00
1.150606468738348154e+00
1.149159175327799431e+00
1.116080715713829941e+00
1.149243251966901358e+00
1.117820319433717291e+00
1.100374348176928141e+00
8.591472876619740129e-01
6.690021111056760894e-01
8.133741532990041989e-01
1.018002305714495570e+00
9.534128958553601541e-01
1.099148047353837532e+00
1.058874704774973363e+00
9.424939940476440015e-01
9.727803079139090148e-01
9.322453572665563293e-01
1.016070836255545728e+00
7.040992902762459593e-01
7.888255902101052319e-01
6.844208748340017134e-01
7.162030937951033849e-01
8.128800701742149304e-01
9.071544436497642749e-01
1.019437932369361866e+00
1.006922402659888416e+00
8.658773816253678701e-01
9.046121438456146135e-01
8.940257157878594985e-01
9.135618505073357376e-01
8.927158120093927618e-01
9.094215260914673138e-01
8.746911663402143766e-01
9.350801075695981401e-01
8.531291614051298433e-01
9.182192567414182438e-01
9.677281506669611622e-01
1.149547621418030241e+00
1.144205011924512405e+00
1.188901809374174556e+00
1.116399499518528682e+00
9.341828795612734382e-01
9.070581328123175080e-01
1.085593049348548611e+00
1.033423762737796681e+00
7.860306790232087781e-01
7.743174820118723378e-01
8.952458040814230689e-01
9.828699713608675115e-01
1.186139199178491088e+00
1.209918744268035473e+00
1.117087640873014598e+00
1.070679743167330500e+00
1.079936508438049003e+00
1.098478396127249290e+00
9.220254386974617855e-01
1.187210454436633533e+00
1.120496886517339696e+00
1.183236806032618826e+00
1.122038313038064672e+00
1.156822246274476385e+00
1.202090783358252590e+00
1.032186661227595170e+00
1.028004281893835747e+00
1.037584555061762615e+00
1.047659109263761712e+00
1.022565022452556205e+00
1.036117768116052051e+00
1.067667351204172776e+00
1.053221085082821196e+00
1.140017703243759062e+00
1.166730045386172643e+00
1.044556328103525056e+00
9.678558227448236240e-01
9.708855847374202597e-01
9.545497189045957231e-01
1.381022387379829963e+00
1.390836217286995469e+00
7.997843910487988373e-01
1.400125902023496405e+00
1.486596379871365947e+00
1.486059334498546214e+00
1.342766791421924788e+00
1.348932618402323591e+00
1.338278852303011135e+00
1.072584550181604923e+00
1.105502215097791341e+00
1.106041277580503079e+00
1.106207507751984176e+00
1.091800121521199429e+00
1.099423216962754246e+00
1.068921282721634114e+00
-3.618638585454908019e-01
3.329818207541255237e-01
9.358094674487996700e-01
9.154235637930288050e-01
8.627938573901512420e-01
1.009870729766261022e+00
9.205846414770977315e-01
8.938453814290847621e-01
9.453242122857473673e-01
7.841949188977149765e-01
7.517492375100488511e-01
6.891817090915550725e-01
6.083668691674508633e-01
7.364132243955989754e-01
9.134869151644057217e-01
6.041215439063808423e-01
9.182640177271501614e-01
8.622793900037046821e-01
7.880423930142197442e-01
8.922467011683492544e-01
-2.506995299963259982e-01
2.402198084011580859e-02
-5.767792000039473344e-02
1.115844806869696892e-01
2.648261305273050814e-01
-7.672243111678697658e-02
1.566391479652947116e-01
3.047005481138403971e-02
7.030882421656281522e-03
1.829797013782102910e-02
2.070995415355970093e-01
2.486237247637773096e-01
9.177927740741198548e-01
9.321155082654393187e-01
9.072704345039419582e-01
1.126234108931786659e+00
1.091368446433699013e+00
2.353420357994368550e-01
5.779352666089855317e-01
8.381441345245663754e-01
7.622111510038446225e-01
1.139593696535390333e+00
1.000262685921152528e+00
9.941594066424441767e-01
1.005946926966218236e+00
1.007493609574326099e+00
1.015387173838534052e+00
1.143846244275934065e+00
2.178645258721634281e-01
2.019038620163560727e-01
4.174389918691338019e-01
1.401084318896507752e-01
3.977531738429423425e-01
1.927392858193199832e-01
3.457221061679944807e-01
1.639866207700044209e-01
-3.943010298885774034e-01
3.325579319117147326e-01
2.192164191375192139e-01
1.906462969386379380e-01
6.171023683279613925e-01
4.327357024603915026e-01
7.467451496844876857e-01
5.920820820867354062e-01
6.917830276216923036e-01
8.300398524379338783e-01
6.735605550484043968e-01
6.335132551377771204e-01
6.765642806479973403e-01
7.505025980238677619e-01
1.075019655713942202e+00
1.060402247789690833e+00
1.247108961814673123e+00
1.233061007773875728e+00
1.141878371534521985e+00
1.070059102596793821e+00
1.159170556955383846e+00
1.101016786645917733e+00
9.918454208937734773e-01
1.099276255360822185e+00
1.076746692994516419e+00
1.152256514663115405e+00
1.105305340402186420e+00
1.180113971442914078e+00
9.277397411812267070e-01
1.043755234033228785e+00
1.336524965068414117e+00
1.159274384302691141e+00
1.110988494407171512e+00
1.141042983877842421e+00
1.256478047961764766e+00
1.168863087513840826e+00
1.131906527599055634e+00
1.246238011661951361e+00
1.318125719846883204e+00
1.354854528364203725e+00
1.248021315935588404e+00
1.360438350831632670e+00
1.156410990825956331e+00
1.277137137732800687e+00
1.301028910843190500e+00
1.273605910374593808e+00
1.162424304468850700e+00
1.273602948522327694e+00
1.220964099962604577e+00
1.295258937848302372e+00
1.207487989291442521e+00
1.209692234638265695e+00
1.219303211767597261e+00
1.104630471433211136e+00
1.183517882774559826e+00
1.255799774444672279e+00
1.198679820751076930e+00
1.347904402203535357e+00
1.043755319332059450e+00
1.354549670195332345e+00
8.882730161552254700e-01
9.365058130293781868e-01
8.265214876089456153e-01
8.373658393967375879e-01
8.028253094523722933e-01
9.725303516814951532e-01
9.782162529136114726e-01
9.385942393554065344e-01
9.811962422977479337e-01
7.535240958405979850e-01
1.048641495415186142e+00
1.250729278158507984e+00
1.115262826112867645e+00
8.921962699014630571e-01
1.158576930373867997e+00
9.399034397831118604e-01
7.771147299684968424e-01
9.298804344402723521e-01
8.655904145408342965e-01
9.543710093345109113e-01
9.089120000475379157e-01
1.068485023328290540e+00
9.309379150285413962e-01
1.161239061322534960e+00
1.119073688081319684e+00
1.218756436245066466e+00
1.221439620836209716e+00
1.192915253518928909e+00
1.182218711552272872e+00
1.239219495099217472e+00
1.329577957677412492e+00
1.281027772033748624e+00
1.255896971988044841e+00
1.248603277017102720e+00
9.660233988007510542e-01
1.263903722977128607e+00
1.234562217551051555e+00
1.379660748457788966e+00
1.370024885644064216e+00
1.125128607392852143e+00
1.316112645356812605e+00
1.133302064956535515e+00
1.401068017349768269e+00
1.077573479956340119e+00
9.029564531997797960e-01
1.299472933194432356e+00
1.347227361401094559e+00
1.212145989125879897e+00
1.381059290462893108e+00
1.381124579071014713e+00
1.390213407368321441e+00
1.266774722800832365e+00
1.375016649824276849e+00
1.322782377951760235e+00
1.343676974718396977e+00
1.386594577315113375e+00
1.331397852190818298e+00
1.397002779977250198e+00
1.292290356084383918e+00
1.263079580288062553e+00
8.138517975549451888e-01
1.148019402991630855e+00
1.207921819713028144e+00
1.155307692079420967e+00
1.170111086801961964e+00
1.186748255925609730e+00
1.164578498353033842e+00
1.195618987080254270e+00
1.125869403596518215e+00
1.355274438251187430e+00
1.345085646764560883e+00
1.313160040560818587e+00
4.406402899754430225e-02
9.228586113371644029e-01
5.064793671873135672e-01
9.845351326365874289e-01
1.122543797887244343e+00
1.164577150763215663e+00
1.109806172973458738e+00
1.168224237864493587e+00
9.972755366669848742e-01
8.174026565690045709e-01
8.530132305978996854e-01
1.142194827498523191e+00
9.151463215521700167e-01
8.897807000099476893e-01
7.859091216969025240e-01
1.132191732935278194e+00
7.429323921400559083e-01
8.717288012139152720e-01
4.760889217406197860e-01
8.250239497125729793e-01
8.023282175822507023e-01
8.688453626810331842e-01
8.524818163651631808e-01
8.447194145171281754e-01
8.249822243934561428e-01
8.899906263454016031e-01
9.156173586806604092e-01
9.379041008227413379e-01
9.065395331942946999e-01
9.550480507755936266e-01
4.717757058408323934e-01
5.116141961503903879e-01
8.185291598326435158e-01
8.657250681337780307e-01
9.210897018208707987e-01
1.162774320714348830e+00
1.130686121914455278e+00
3.690971469225528545e-01
5.163280577258649862e-01
9.416747570073318307e-01
4.647962522565481924e-01
1.141091679335591191e+00
1.155237230042352792e+00
8.998387948171410189e-01
3.973657885469865647e-01
8.801438972631213664e-01
8.946128012500531579e-01
9.221536118554024553e-01
1.029626826500199988e+00
4.983887054340108147e-01
9.974838392257719955e-01
9.713372545135068314e-01
1.012941925481422256e+00
9.101584922159581259e-01
9.212140830103777711e-01
9.766050322983088616e-01
1.070657339509669015e+00
6.285377458454364241e-01
1.255454598921067699e+00
9.989676076245929126e-01
9.313391468854327337e-01
9.414605521185879233e-01
1.147268918764306145e+00
1.125059979940364219e+00
1.135920882930980147e+00
1.109564332785698326e+00
9.404938460962626312e-01
3.972707690982295592e-01
3.609248569617057312e-01
3.507447376901418612e-01
6.849990051623213727e-01
7.204212429886165392e-01
8.092342439975449553e-01
1.224578710643605461e+00
1.240115195282783800e+00
1.128952284679893392e+00
9.554489068364900861e-01
8.192352332125754089e-01
8.117143407402269695e-01
1.195463311661704831e+00
1.073224833413239931e+00
1.179499493023242085e+00
9.268423451601445207e-01
9.328882339312759564e-01
1.141494926713342739e+00
1.043727169051011705e+00
1.139092318009285787e+00
1.048661040636138519e+00
1.081664467057002366e+00
1.078582221486028114e+00
1.089498062073096296e+00
1.116484705778597597e+00
1.143883576554719506e+00
1.155826123922786053e+00
1.161507911343726995e+00
1.159027576457327902e+00
1.120139090762302780e+00
1.136302179639307797e+00
7.750529522363182044e-01
9.675784464602424917e-01
9.929621399321217901e-01
1.014890339065030567e+00
1.056514897633617389e+00
9.919016020428925717e-01
1.084080647219095805e+00
1.189481508718443159e+00
1.077133781667618750e+00
9.020905829778275153e-01
7.999618436005253574e-01
8.402316724382241642e-01
8.559765121797603404e-01
1.127364324522017958e+00
8.142016989976982311e-01
9.747773565768895754e-01
1.099702416897687662e+00
1.018071017210132823e+00
8.309148201988221238e-01
8.110432431288283617e-01
7.327962455284379173e-01
8.328155971275421621e-01
8.277608394654949464e-01
8.360147958159115378e-01
8.265340457092318349e-01
8.262456945865492841e-01
8.256280364187442711e-01
8.144678298343055456e-01
7.388943693026092108e-01
7.188072607466464703e-01
6.671626200718890898e-01
6.614808448678468622e-01
6.534412697057834229e-01
5.307909859500087313e-01
5.330021200553026750e-01
6.540425373732196013e-01
6.687662800199989377e-01
6.643486654538132141e-01
7.029312343105958982e-01
7.111413074200694240e-01
6.964602546467059119e-01
6.890460435301820619e-01
7.022061044722979206e-01
6.490074051852424697e-01
7.224486783019195002e-01
8.080145276264832921e-01
7.049716779043125880e-01
8.152029052781361029e-01
1.045403042147570405e+00
1.033765897547628265e+00
1.085025297597798311e+00
8.667866717722131353e-01
8.177096369780805230e-01
1.046113169681466504e+00
8.795140424971490400e-01
9.282281452439302694e-01
8.515997687507341762e-01
9.332851375857553755e-01
8.783382764249095809e-01
1.140708200190506005e+00
1.029430994036997005e+00
9.741025380235246445e-01
9.512406111491409355e-01
8.239782313509901313e-01
7.950616686453145787e-01
9.915263351898924160e-01
1.132651039714388519e+00
1.121780956483533931e+00
1.172855342317596250e+00
1.112762485439248161e+00
1.134766839288406715e+00
1.122719150203915106e+00
9.631566879510804480e-01
1.204559289912142450e+00
1.222649565834388552e+00
1.157907252466902071e+00
1.142225279467125487e+00
1.202949819647388452e+00
1.137250728697779323e+00
9.146762397656647003e-01
1.201920137956617785e+00
1.047236144749555953e+00
8.842997383901399777e-01
9.859257943669936797e-01
1.050379180072325225e+00
1.000977050311721683e+00
1.192421523338135225e+00
1.169429160076656427e+00
1.073608613580368853e+00
1.233182192652193976e+00
1.233727174701974016e+00
1.299283436761126787e+00
1.227959924256342150e+00
1.146337263960125918e+00
1.250206590830710507e+00
1.279348269757274670e+00
1.241981309174720494e+00
1.244145706197319345e+00
1.229553078644452846e+00
1.295614021921162262e+00
1.295753410023885221e+00
1.282379422707654371e+00
1.264522173301622310e+00
1.267907179717212118e+00
1.214620039491786985e+00
1.184308557958385189e+00
1.028786913727702590e+00
1.047665781423187559e+00
9.537081580655696333e-01
1.042771496583518420e+00
9.561376863141568538e-01
9.559254869587713310e-01
1.022263084568254321e+00
1.148880802942981560e+00
1.094947690772774429e+00
1.190354447736418297e+00
8.898588792319274132e-01
9.521406690050085997e-01
9.576032043055906495e-01
4.883564154166344373e-01
8.922144173800434785e-01
9.066995253567270430e-01
9.025339346036693744e-01
9.022588909518619582e-01
9.177487413196877553e-01
1.114119138227879002e+00
1.127224882755445190e+00
1.150927628670897818e+00
1.070606549517546524e+00
1.115817038567371355e+00
9.947320671133585979e-01
1.157229153357022033e+00
9.895509802554333101e-01
8.931897978021675621e-01
5.866351349403358117e-01
1.134249730730158889e+00
1.121720454535926725e+00
5.601503505453822029e-01
6.609694977586257902e-01
1.181380289420437046e+00
5.134231152112598284e-01
6.078842961313301041e-01
5.256206923121458097e-01
5.862813947818319438e-01
5.275798257218948795e-01
1.117593792849663537e+00
6.326317898112975291e-01
1.050859821489319446e+00
1.104302588545416741e+00
1.163813872106428615e+00
9.692506736591597338e-01
8.359842390004718071e-01
8.317339488191477503e-01
1.072648132451348157e+00
1.078016626343785811e+00
1.052792556573437732e+00
8.757552486403612502e-01
9.279551723537349250e-01
1.149038020231017532e+00
3.721329070925558646e-01
4.646061198382545609e-01
7.073895930817025723e-01
4.843476286359270633e-01
4.527953425776360397e-01
5.155973799615186648e-01
6.604356132251467670e-01
4.776030130513205796e-01
4.317936091074184857e-01
5.183418289965406878e-01
4.044854063167446778e-01
3.832981448862116114e-01
4.470757147135633325e-01
1.152346958513185360e+00
1.065145799397845039e+00
9.480107630359804194e-01
1.152195956850188496e+00
9.605308300894025431e-01
4.863394638395978076e-01
4.999608724843488394e-01
6.324939628690278148e-01
6.850893170027283485e-01
6.833604926355075770e-01
7.468358903044498565e-01
7.016121724844970320e-01
5.304798366666736431e-01
6.464131401015563716e-01
8.306889250442949235e-01
6.983199029748567987e-01
5.385849833797651254e-01
6.319507727939026598e-01
6.189809574176574625e-01
6.648313377529889712e-01
7.146134567983946084e-01
7.128784638672145402e-01
7.145117858858118787e-01
6.146347625267826187e-01
6.325757780821650300e-01
1.067134779864874261e+00
1.170018985166550562e+00
6.026668438053058852e-01
1.180875289569469189e+00
1.182050661192194818e+00
1.187846975285825168e+00
1.175769211087996036e+00
1.191682176003714400e+00
1.189463950562356764e+00
1.156860418010100311e+00
1.111354902544797740e+00
1.042936282541605086e+00
1.150251693923933338e+00
1.096316657691802421e+00
1.148162178027187341e+00
1.151065721242671591e+00
1.081266138005651190e+00
8.652996671251499405e-01
1.123270696317451689e+00
1.147814314274379743e+00
1.151616937018137277e+00
1.145410778726850598e+00
1.140804382481122259e+00
1.198088775871047673e+00
1.169789718381750498e+00
1.165056001045669642e+00
1.152159507715897702e+00
1.125292636964284387e+00
1.140397586953083353e+00
1.133064490923841428e+00
1.122616478615284352e+00
1.059307217717926797e+00
1.146267902393984794e+00
1.128667649455185051e+00
1.236084663876248158e+00
1.132551900365256214e+00
1.135722520185836304e+00
1.117863194040883412e+00
1.232118765686095241e+00
1.250191893440435686e+00
1.235072051454487951e+00
1.102951540748255965e+00
1.163369703141081457e+00
1.158834309655239148e+00
1.157660599967262671e+00
1.157807432901396538e+00
1.151029274975749805e+00
1.141709379214116638e+00
1.143189363699852690e+00
1.099808511883957118e+00
1.129253566492322891e+00
1.132521789862622308e+00
1.126154874895846758e+00
1.149991035208792312e+00
1.142974777456419178e+00
1.163659328701386553e+00
1.175043023920756324e+00
1.180113073394856382e+00
1.232779243416356474e+00
1.191297536835398185e+00
1.173016568182788877e+00
1.103494778588622660e+00
1.092400715159304925e+00
1.037063851198761100e+00
1.008573717294474870e+00
1.161641337036048327e+00
1.150626932216271880e+00
1.168936634093825422e+00
1.157907715855762687e+00
9.705081979930405556e-01
1.019054630637896697e+00
1.106131524828348311e+00
1.259570802410534762e+00
1.237885587103433105e+00
1.206502344646094738e+00
1.236351366555470177e+00
1.247817422448879388e+00
1.288042820272456090e+00
1.232992690613556874e+00
1.327899485497347820e+00
1.203770904529948504e+00
1.282634589860720986e+00
1.228152637002705827e+00
1.230259417688880363e+00
1.318532032784865082e+00
1.225197871966013041e+00
1.288128469232820539e+00
1.244885311828189955e+00
1.320478048181982444e+00
1.238605580351821889e+00
1.186529493537446855e+00
1.309766422641867267e+00
1.187442169020526128e+00
1.102566236143045941e+00
1.157028081194838132e+00
1.095654016744870063e+00
1.088737747956372681e+00
1.105942175013033157e+00
1.192547719130474526e+00
1.091415339450739097e+00
1.070732139477567069e+00
1.142886052648149686e+00
1.256832563576848916e+00
1.098335885422394798e+00
1.098311860584322286e+00
1.069260580746614897e+00
1.094771763632997885e+00
1.136377768781489550e+00
1.067058639572131984e+00
1.160258587661778362e+00
1.160159532829010631e+00
1.281500432681163870e+00
1.249241200566643339e+00
1.266030180139600336e+00
1.251365379747307438e+00
1.270551891449644089e+00
1.258532657358080176e+00
1.306497214105500460e+00
1.165011831217726668e+00
1.306025610884997912e+00
1.234403102711502553e+00
1.112882346738951256e+00
1.111569590941004160e+00
1.150433040333101120e+00
1.164776462005539637e+00
1.154834821401494072e+00
1.118970762847830036e+00
1.123976578251763669e+00
1.203779827439530159e+00
1.268802981887831915e+00
1.065070222020942481e+00
1.064277595430244805e+00
1.072026318324721839e+00
1.179249036893146751e+00
1.261411688282697341e+00
1.226643131411000676e+00
1.233283184490254092e+00
1.291527671182241876e+00
1.226294970997247713e+00
1.056043616292086096e+00
1.046712765248094090e+00
1.273470540182279231e+00
1.178078771103078681e+00
1.072292171806000116e+00
1.087289561142002592e+00
1.059972628925168525e+00
9.449764327613602299e-01
1.044734776458603243e+00
1.059446226361087984e+00
1.059574944684559927e+00
9.051450391564290765e-01
1.065593039036264011e+00
1.057536268762778953e+00
1.171670194986735414e+00
1.051777317033314452e+00
9.251600975391156556e-01
1.110222579353160599e+00
1.055977137585403680e+00
1.052506952451119915e+00
8.961453384311035553e-01
1.060106539071453691e+00
1.060036482579616024e+00
1.082843663739264883e+00
1.147985651555466502e+00
1.072421703618851252e+00
1.074929664727311884e+00
1.078898759568195587e+00
1.067544545185077798e+00
1.056935968023065442e+00
1.098707443488997848e+00
1.041808291405037945e+00
1.059839815389850060e+00
1.076353707735467236e+00
1.080373661742164648e+00
1.079895462878927459e+00
1.222802920123416959e+00
1.208973807827033342e+00
1.217473432407960354e+00
1.034734071393580424e+00
1.014834498231100168e+00
1.033224248241215948e+00
1.034347735533267088e+00
1.035483768091835843e+00
1.195330009825831485e+00
1.035839888977647449e+00
1.075910816121038005e+00
1.235770474364303206e+00
1.007115139281688387e+00
1.067377434704338324e+00
1.032986256934516067e+00
1.016908292555871673e+00
1.011222212217578909e+00
1.027887272210940006e+00
1.016338094227554834e+00
1.057524521930750305e+00
1.058376439930105217e+00
1.042879339315617493e+00
1.037743806546973957e+00
1.027619961726695674e+00
1.050905599562789394e+00
1.052322009982974649e+00
1.123033003727383683e+00
1.086190490764637806e+00
1.063632796152369053e+00
1.081744308937752752e+00
1.052663541006154446e+00
1.062687280741951845e+00
9.512520042058909553e-01
1.045756896455110052e+00
9.603990360061112064e-01
1.087858034761695070e+00
9.718742433661717861e-01
1.062915157840983671e+00
9.719880569481198496e-01
9.762650339612303219e-01
9.716142461450708590e-01
1.045213116385618868e+00
1.040746205110584022e+00
1.082114126048095759e+00
9.808479773207755548e-01
9.648738828469830553e-01
9.907813757437011759e-01
9.800564671021047003e-01
9.470728818829183826e-01
9.497634027827075442e-01
9.915810437853739279e-01
1.041041363895622629e+00
9.553902868227680534e-01
1.027713364642425686e+00
1.055774842097308097e+00
9.762121781003803012e-01
9.762075653968328437e-01
9.834728618612990081e-01
9.921325800464478872e-01
9.608984392663372232e-01
9.936933864647475856e-01
1.000986059005181339e+00
1.014054265153469414e+00
1.114364776927498468e+00
1.128929124744014301e+00
1.033180258011382247e+00
1.224341643821585945e+00
1.113763883072335314e+00
1.260901944033991917e+00
1.067100822637397251e+00
1.050902156189173597e+00
1.021339133961571388e+00
1.083950726642842088e+00
1.132469690624801073e+00
1.061041537153907921e+00
9.986761891609664543e-01
8.229848286539265256e-01
8.577204539701794861e-01
9.029856400271178973e-01
1.131008002734108731e+00
9.260505507349769960e-01
9.952684211913315204e-01
8.742197628555011812e-01
9.041310622414459042e-01
1.074288058227088616e+00
1.083013909567617228e+00
1.055833663080405938e+00
1.154090505057610683e+00
1.052935563137394892e+00
1.091811246290767201e+00
1.068827340292856531e+00
1.070862566527306381e+00
1.083032333106689338e+00
9.879751982793762988e-01
9.901107129118319472e-01
1.206880398073993277e+00
1.191654034107739735e+00
1.227805157666398195e+00
1.107450931220362200e+00
1.189444103961625254e+00
1.139904083022650338e+00
1.203111325438935175e+00
1.144781405233382010e+00
1.201633172107280156e+00
1.086692135721579522e+00
1.141263946256106276e+00
1.184272436062478562e+00
1.166705815434326610e+00
1.070021317670232230e+00
1.019644602454178761e+00
1.059048044481586182e+00
1.040312398315005993e+00
1.104845453025441904e+00
1.225332117719069247e+00
1.250109085365709083e+00
1.121556096779102285e+00
1.138196893986599623e+00
1.164763230985421227e+00
1.190897697126640953e+00
1.077813673183680043e+00
1.105310035600302943e+00
1.064963544403808582e+00
1.109415609416233073e+00
1.066288267317559768e+00
1.152505032112935091e+00
1.218363376684910682e+00
1.217559774446977494e+00
1.149227952456237878e+00
1.174192039186475967e+00
1.119961573337440619e+00
1.167177022115210461e+00
1.080795790815821222e+00
1.117132598504625207e+00
1.144544296357733248e+00
1.173735543883872134e+00
1.219087572518893658e+00
1.453113547984695053e+00
1.263329072326158098e+00
1.309693941099047354e+00
1.324324687804735889e+00
1.374568457790472875e+00
1.272293454011844016e+00
1.301431833187450593e+00
1.371671122209353832e+00
1.366281334098685907e+00
1.272592504975053718e+00
1.374786725051976299e+00
1.345149256375006930e+00
1.346675620707073806e+00
1.321816713623708450e+00
1.305872020647151688e+00
1.295218898624911574e+00
1.200867471023603139e+00
1.447142288126205933e+00
1.319990075483518988e+00
1.227197184644133410e+00
1.432660092430700916e+00
1.976107674942529924e+00
1.547959381291484693e+00
1.278323990812857636e+00
1.080218993744350708e+00
1.052035868115846151e+00
1.179218292908735144e+00
1.111793194386176298e+00
1.063540203398390283e+00
1.041743444100628579e+00
1.094304727836602931e+00
1.084453016059488073e+00
1.037081824218396564e+00
1.237975574082865515e+00
1.273393339737218577e+00
1.152265674172188392e+00
1.106694981706354275e+00
1.145860311224066175e+00
1.153597051295731868e+00
1.164759511084288102e+00
1.075879701998446514e+00
1.057565981049926274e+00
9.530607864523616968e-01
1.058644442663640994e+00
1.044081949883686189e+00
1.089340638993298027e+00
1.135653207054218905e+00
1.144033709260804832e+00
1.168744416953740872e+00
1.142738181703580214e+00
1.562611959196937406e+00
1.208125207537055212e+00
1.150708772481459974e+00
1.287261605227942640e+00
1.131124204915518572e+00
1.183180571607132858e+00
1.163751558986054979e+00
1.261445185981558526e+00
1.291096059567129917e+00
1.289152951728847141e+00
1.133515759116032529e+00
1.113796421039585205e+00
1.167848237095757469e+00
1.037020565241833836e+00
1.331136411561689936e+00
1.736428955265922447e+00
1.257834027633102147e+00
1.299631171297673582e+00
1.328537845562312469e+00
1.418652994803726530e+00
1.363906381617336461e+00
1.390682987586874475e+00
1.311682046873114738e+00
1.330863841754727384e+00
1.370065467550455995e+00
1.340166038386376712e+00
1.302778576445703163e+00
1.306228376307756678e+00
1.213643622441640701e+00
1.217062567291216091e+00
1.179316145289166284e+00
1.088160555804611684e+00
1.117138464368919948e+00
1.134676837101208591e+00
1.148552000831674746e+00
1.233046102234302888e+00
1.267612594351219979e+00
1.115200235649533855e+00
1.399478297112377811e+00
1.242189886524799336e+00
1.269914095443959612e+00
1.583461138673731172e+00
1.479334748909981290e+00
1.315769981176860615e+00
1.401658476156959265e+00
1.424982845088399008e+00
1.608290086504195804e+00
1.520255949246202665e+00
1.524356756434261495e+00
1.453858297925801457e+00
1.566871229850418823e+00
1.583625740658693770e+00
1.386568800795081602e+00
1.337142656914816152e+00
1.529767904494069963e+00
1.504207594602964937e+00
1.596893341500073893e+00
1.622686982598737115e+00
1.534565163482596972e+00
1.538117647225854423e+00
1.616668136749670914e+00
1.625204888462520758e+00
1.531885217712553926e+00
1.270461088608740408e+00
1.459082473402500302e+00
1.289578590615052311e+00
1.395272216898100215e+00
1.420348545516917804e+00
1.366269399379728577e+00
2.366490059735173013e+00
1.311581292488511075e+00
1.430350461313091293e+00
1.377983386442717118e+00
1.323091978589914675e+00
1.353691478128048464e+00
1.395047884754227585e+00
1.404611803570824602e+00
1.320407660639865588e+00
1.359801924255375605e+00
1.367504722214467172e+00
1.496813303567675835e+00
1.369876626126665720e+00
1.203101472409026984e+00
1.211225334815207555e+00
1.036672326560454938e+00
1.040117930611908603e+00
1.024285621260289325e+00
1.183005943590115683e+00
1.190893722911366082e+00
1.107047977944950912e+00
1.037590761707227527e+00
1.162191376117401198e+00
1.223095537151130507e+00
1.175193069469682161e+00
1.285644480163366854e+00
1.171524108255942220e+00
1.235570467440189502e+00
1.276805930360530583e+00
1.130669891437168673e+00
1.139908857043859802e+00
1.084471133706451651e+00
1.167420622261343244e+00
1.088752145861304088e+00
1.151804710498480544e+00
1.088896896648119617e+00
1.179831675502324151e+00
1.173071165663526427e+00
1.196961850798761384e+00
1.086225477273572881e+00
1.126438933732555547e+00
1.205612804990784603e+00
1.258232298102927249e+00
1.224495562533632897e+00
1.153639335797309373e+00
1.224064001356719222e+00
1.186674535230949568e+00
1.212427455627337558e+00
1.248302872305814715e+00
9.441763794307231894e-01
1.096600227555525775e+00
1.101145778567646838e+00
1.065968952635484301e+00
1.094790003424235048e+00
1.053242128849025239e+00
9.659281859160130379e-01
9.926286875392278386e-01
9.514396158862151731e-01
9.567474351670346433e-01
9.276029116292140442e-01
8.391661073948840643e-01
1.026332745974074534e+00
1.044327867135824262e+00
1.139968527585307312e+00
1.068987315546690020e+00
1.065434900497484794e+00
1.067454132202525496e+00
9.713321676481336819e-01
8.688234291739023174e-01
1.085115756066439952e+00
1.104169882331879515e+00
1.089253764498697263e+00
8.947441545151865183e-01
8.980938792278796434e-01
1.074108963588827237e+00
1.020174957878610122e+00
8.956316883469859214e-01
9.242610763327139267e-01
9.050941460677371930e-01
9.152408857906381145e-01
9.813467428211282151e-01
9.630547425537907547e-01
9.696351191489683830e-01
9.751774808367175140e-01
8.569036627485773217e-01
9.543470645417460041e-01
9.874723390568203030e-01
9.283002978102790070e-01
9.982373505100278210e-01
9.865861300022714664e-01
1.003842759631614179e+00
9.641842490763650186e-01
1.106798813671150405e+00
1.010779561945300165e+00
9.830471417927824085e-01
1.000519346358910822e+00
1.094968169620244680e+00
1.018544562433193912e+00
1.021474119471585063e+00
1.028259967048651857e+00
1.008682696880401686e+00
1.146044770948450031e+00
1.036723150772816959e+00
1.029200286076016546e+00
1.096116372311925380e+00
1.015005955397872750e+00
1.059722129771191401e+00
1.147731520070470523e+00
1.222328766640643938e+00
1.231137689571282889e+00
1.104525357065300639e+00
1.143857903479512439e+00
1.147038829882998989e+00
1.139184722038521391e+00
1.020042874043783021e+00
1.062626512802212764e+00
9.595470363720897122e-01
1.069728882462813280e+00
1.006488543054681717e+00
1.040555679337309414e+00
8.974972119132061943e-01
9.095235938789966168e-01
1.033264673113891252e+00
1.059883248174107617e+00
1.124382048483929086e+00
1.074762753572930274e+00
1.083384465835427468e+00
1.025407858973143238e+00
1.021633445401849416e+00
1.025041924893587586e+00
1.089134471440137863e+00
1.130940921308970060e+00
1.133611630887260135e+00
1.051436525329962901e+00
1.118632746743023265e+00
1.037843956433117665e+00
1.168637530431744009e+00
1.157542442300052654e+00
1.177326581359367408e+00
1.144195990986199174e+00
1.142200975490876402e+00
1.098522312415965096e+00
9.735204162122211846e-01
8.695397338234694962e-01
1.000306135113045558e+00
9.897109339707597098e-01
9.751335596739980627e-01
1.053732154434749768e+00
1.075120932850262001e+00
1.085258549650926829e+00
1.101300637249682524e+00
9.954282434074480657e-01
1.007090444895750059e+00
1.072866498068654639e+00
1.058389302121048425e+00
1.092569610001661529e+00
1.082545993786378835e+00
1.071429179703645040e+00
1.039619810432761637e+00
9.860381166799497832e-01
1.302503781535016669e+00
1.369150541597571991e+00
1.377310790517867423e+00
1.251999846957680074e+00
1.377066137203782237e+00
1.349495456274008687e+00
1.110458566470905684e+00
1.130451889594341175e+00
1.155780866434370502e+00
1.209704834450231470e+00
1.120920125926183175e+00
1.172739183852784972e+00
1.037009849213884838e+00
1.168433403978443863e+00
1.130492771257028739e+00
1.153210090541258559e+00
1.147220555834608469e+00
1.206569330460005363e+00
1.296443101473299997e+00
1.324155130920034562e+00
1.420948768177670019e+00
1.415094085095174536e+00
1.370321093784893307e+00
1.373003771445814980e+00
1.271721157088745668e+00
1.208409945138913866e+00
1.271283763408280754e+00
1.563647894315699505e+00
1.729973874319085558e+00
1.390760881517702163e+00
1.359119617217071863e+00
1.594773979123424112e+00
1.485638355805149358e+00
1.646405387826055167e+00
1.549453761048876776e+00
1.546652144298753306e+00
1.551850521977513608e+00
1.527286430463150602e+00
1.710939957553667456e+00
1.634334966018414770e+00
1.790769441346702795e+00
1.689770572078786559e+00
1.702328465891842502e+00
1.831890417547015204e+00
1.684300841485777189e+00
1.768983913561699373e+00
1.594392122319397531e+00
1.503298991248129157e+00
1.731584718198893480e+00
1.746784524527783322e+00
1.714106173326237048e+00
1.571154133703531741e+00
1.586390141665824371e+00
1.691168149050849889e+00
1.547888366315904207e+00
1.825123324499530408e+00
1.636179321323958602e+00
1.702863085627815076e+00
1.765790819963289682e+00
1.685918017032501881e+00
1.777901042909407536e+00
1.721055074897306358e+00
1.656017659335251579e+00
1.700300773120738684e+00
1.686555405343111103e+00
1.419270149555911686e+00
1.872819854288817032e+00
1.658107035705707721e+00
1.756739399364049437e+00
1.776502791407175375e+00
1.734703957390279383e+00
1.668211702933632301e+00
1.594458714669265031e+00
1.760810404421363273e+00
1.652000758437550232e+00
1.724929876095948833e+00
1.919794558862001566e+00
1.769001119126601296e+00
1.835296945825383830e+00
1.923446021011019136e+00
2.043223433032601122e+00
2.099554853353343464e+00
2.011019659951032601e+00
1.865821997592812309e+00
2.142569907859596778e+00
2.078133805252418753e+00
2.005754751734014629e+00
2.161503148298787202e+00
1.989030392949220127e+00
2.002159221070229478e+00
1.955714306203331310e+00
2.061497177940246228e+00
2.141268734122476758e+00
1.977196508762877336e+00
1.963843273376140841e+00
2.073823900257784736e+00
2.010753973266299788e+00
2.071978691553741037e+00
2.107726677619941036e+00
1.635491501268691472e+00
2.174647095333028357e+00
2.420780248495031373e+00
2.701927576110286111e+00
2.074197193081101620e+00
1.984571733994907383e+00
1.636376836652933875e+00
2.191809740162681930e+00
2.281836206174837400e+00
2.224683221377147913e+00
2.123698027242126418e+00
1.616368400728871224e+00
2.320595040159979305e+00
2.234425493751315273e+00
2.151333309827779150e+00
2.794699937066307704e+00
2.215208747347900520e+00
2.128626124953297616e+00
2.254767854628073831e+00
2.319910351002980597e+00
2.202501899247085504e+00
2.305870389892747507e+00
2.261403112880540078e+00
2.112520398356722229e+00
2.189689061979233742e+00
2.283594153540911442e+00
2.549313724910380774e+00
2.095989339008992758e+00
2.177461727788651213e+00
2.190963786426894711e+00
2.196368134255231919e+00
2.181024432787635359e+00
2.201545169320141770e+00
2.154201952678083121e+00
2.186161440393725730e+00
1.940747544234482813e+00
1.954131833967433174e+00
2.035751053107714093e+00
2.081047193051615896e+00
2.007317323793879726e+00
1.944502228177628966e+00
2.054790229758732600e+00
2.155541714041047108e+00
2.045989249079773753e+00
2.188583721641204516e+00
2.230373909417647571e+00
2.237948307907329237e+00
2.027611845059120288e+00
2.066926280994920262e+00
2.076783817728304005e+00
2.017919911633317298e+00
2.095008388856423931e+00
2.089781535199039197e+00
2.146339177720456348e+00
2.116796796876752484e+00
2.156114529247827427e+00
2.264872913739742533e+00
2.047999368734321202e+00
2.266438132937532490e+00
2.138474933445718040e+00
1.961008321513900698e+00
1.762205976986947364e+00
1.937716496147413370e+00
2.005730747231838418e+00
2.092390067225234240e+00
1.573542000983325417e+00
1.547600138528786751e+00
1.669203860358998481e+00
1.979353539656518501e+00
1.738125584238616739e+00
1.646534600491287748e+00
1.998436571776833537e+00
1.938704122581729417e+00
2.203575570136204309e+00
1.904376983380452470e+00
2.095141634906042771e+00
1.961939325376279353e+00
2.067960339140296977e+00
2.069535135595416797e+00
1.825859980772377433e+00
1.741784588637609099e+00
1.703218802084911276e+00
1.755986617832078212e+00
1.797843249886348138e+00
1.704337598436607815e+00
1.755383994862805386e+00
1.816542747314970008e+00
1.769145822238336718e+00
1.840760073692877974e+00
1.795889817954354761e+00
1.838070482471000577e+00
1.692703166188425756e+00
1.699147999731075886e+00
1.600065723256491879e+00
1.810560795574255311e+00
1.756455288639561463e+00
1.766531575480513094e+00
1.796487946766123001e+00
1.811673360055562343e+00
1.842870717158014982e+00
1.799748432345797289e+00
1.730262510134747966e+00
1.976378871539283377e+00
1.810018334368500792e+00
1.795787068538896580e+00
1.717154522954713158e+00
1.762839973714360964e+00
2.066596933537764968e+00
2.187884289482152411e+00
2.195132096259051924e+00
1.848444886756797301e+00
2.004717266985229784e+00
1.898021144154641959e+00
1.805056827831844624e+00
1.823565882306776187e+00
1.789693514733049273e+00
1.868730885347220649e+00
1.761900833422253454e+00
1.770174765143843088e+00
1.834511570760933186e+00
1.874712120165226148e+00
2.181803269561326530e+00
1.959806650776177772e+00
2.050039719648712122e+00
2.181129776485656091e+00
1.581533482476346508e+00
1.610139809922589427e+00
1.616369843097616332e+00
1.595106740054899941e+00
1.678415415007202371e+00
1.590834840558320584e+00
1.672786374608782323e+00
1.632256471951182286e+00
1.655546853867978507e+00
1.594074550870556273e+00
1.671258491075216845e+00
1.576760477109292902e+00
1.617140815628377970e+00
1.540473819953150914e+00
1.836250269928043855e+00
1.570664001485526651e+00
1.728287155118967577e+00
1.664054899340331239e+00
1.653435512925426121e+00
1.713082371320523212e+00
1.610794396937501594e+00
1.674215158922489177e+00
1.767152035824651968e+00
1.783108868495694832e+00
1.824068665748554974e+00
1.566063028879920216e+00
1.627961999749173883e+00
1.821145842828157280e+00
1.841243085677203961e+00
1.608838122268572590e+00
1.642441581940294437e+00
1.671236654418962297e+00
1.611690357350441305e+00
1.625096962847604853e+00
1.611690384565987122e+00
1.596061218998711784e+00
1.659186264728986338e+00
1.584332226306769398e+00
1.633429785378714305e+00
1.604489256931835639e+00
1.607148800958661639e+00
1.558165436303122764e+00
1.691700118063230729e+00
1.619868103423706795e+00
1.584271411922835382e+00
1.663147659662882472e+00
1.584820790075204489e+00
1.659061401853579421e+00
1.577668680015523073e+00
1.666530970906482390e+00
1.583219455189553315e+00
1.609277761668317819e+00
1.618283067218494464e+00
1.866349058660708105e+00
1.619184959674660362e+00
1.562454609612176526e+00
1.635352495345123502e+00
1.595357622328509750e+00
1.572429049610971852e+00
1.599492260396054411e+00
2.047446553291603966e+00
2.169975173442143745e+00
2.074590082192054652e+00
1.976159015971122646e+00
2.155621121813481089e+00
2.059344925084356515e+00
1.726780855529196357e+00
1.561229141731809600e+00
1.567305160081851945e+00
1.646431528234385988e+00
2.139968606583591448e+00
2.223404877930596157e+00
2.108151765548922363e+00
2.105653420425718014e+00
2.124353162684146756e+00
1.561649574977738597e+00
1.561436681619441824e+00
1.619473869361019336e+00
1.631837511780232841e+00
1.581685258888009038e+00
1.582994426180237557e+00
1.607819880297337800e+00
1.554996879377010366e+00
1.600422700775674834e+00
1.565094095302873356e+00
1.624584054261178023e+00
2.096316100701464791e+00
2.039987479885624122e+00
2.185021523669102628e+00
2.125283101605000002e+00
2.060508644730346006e+00
2.193491996982914305e+00
2.138130555448910286e+00
2.104316198487443224e+00
2.057290062433906996e+00
2.102655797755755618e+00
2.130626880645970278e+00
2.103957112439749810e+00
2.103571208659564817e+00
2.116846286056935700e+00
2.124986267353243807e+00
2.012389067723739711e+00
1.801599481417261561e+00
1.680049987399554245e+00
1.585539268887580011e+00
1.594359007012031926e+00
1.491390928039113772e+00
1.644540977829658690e+00
1.602620583525932396e+00
1.632376435567214346e+00
1.593546312700922840e+00
1.486508192036971154e+00
1.628825184485669153e+00
1.564369907260030113e+00
1.589603254636938079e+00
1.625303056834820126e+00
2.079905810133634070e+00
2.000933195942430132e+00
2.019374609170655255e+00
2.102252061499783053e+00
2.096314813848463299e+00
2.098304482047361752e+00
2.000363767381842184e+00
2.322371359100751764e+00
2.262057075515322424e+00
2.182257471918163994e+00
2.177295205787525667e+00
2.202178014626752667e+00
2.253135159649511721e+00
2.380122992363532308e+00
2.240813988673516555e+00
2.283599703016170768e+00
2.163868204201380152e+00
2.142208403456453247e+00
2.169779492793034947e+00
2.121822869225083341e+00
2.161335150564785756e+00
2.120844624246821297e+00
2.225070470778951925e+00
2.249196429581684420e+00
2.146872582517851402e+00
2.180005771165249850e+00
2.314219924957154007e+00
2.196078123728246290e+00
2.310181876462642947e+00
2.125858031271090187e+00
2.170456444620090686e+00
2.203925806705957946e+00
1.645369675688247435e+00
1.529263201232908598e+00
1.553343169412529923e+00
2.137571879700040256e+00
2.216440601264683785e+00
2.145041234598096036e+00
2.133113386408533430e+00
2.130684426281201027e+00
2.023361241522691589e+00
2.062675582778946470e+00
1.705458643512865580e+00
1.497027954788141990e+00
1.841485577489851977e+00
1.646101163292716718e+00
1.955906916906293924e+00
1.881033946420057834e+00
2.107111563845681879e+00
1.997105337430912675e+00
2.124137913293826951e+00
1.987421300651141642e+00
2.078662016567602855e+00
2.013639374795052284e+00
2.044205862282172603e+00
2.001954063291257135e+00
2.087070573634703496e+00
2.065036484305346587e+00
1.951457710418050828e+00
2.166886846926305843e+00
2.002170112932272872e+00
2.081580459120996096e+00
1.940468695068318095e+00
2.025248068646189559e+00
2.170994750558248310e+00
2.209002030446128639e+00
2.079503790532103658e+00
1.746898824174632159e+00
1.567920106118603440e+00
1.569570925267940620e+00
1.580134750024364765e+00
1.444805569571602000e+00
1.531262716710641625e+00
1.617101469234504041e+00
1.668833690873067210e+00
1.650867586884661842e+00
2.200342437165393683e+00
2.122876895363690508e+00
1.985480847796371684e+00
2.084838166500134538e+00
2.176354693379440874e+00
2.173614807455690467e+00
1.604485567520179901e+00
1.443377192016195076e+00
1.495429696298245181e+00
1.568022185062828644e+00
2.125056440586226891e+00
2.071509799608751923e+00
1.872232079696143581e+00
2.136593368928080938e+00
2.235375648233177692e+00
2.131185062756852044e+00
1.625789808461558739e+00
2.095141697392934432e+00
2.225599207172401339e+00
1.623221557021483852e+00
1.647457950699514839e+00
2.207037225548552417e+00
1.594873125730576380e+00
1.578262759819707428e+00
1.565458835775395130e+00
2.378976283676334180e+00
2.187135322884839361e+00
2.264906924505468488e+00
2.353421511076422057e+00
2.225408313626694223e+00
2.180305774194113422e+00
2.105563789944506325e+00
2.322607369449441350e+00
2.284742996714439922e+00
2.241345176514986548e+00
2.285185616971286304e+00
2.370185361925535528e+00
1.823330104779133265e+00
2.310172677084862070e+00
2.307573938149563908e+00
2.226627844855582961e+00
2.214853453512512615e+00
1.647577048659250920e+00
1.681308019786101005e+00
2.077627952604441219e+00
2.357455279435179740e+00
2.264614878370363904e+00
1.999618540898769004e+00
1.643502977508018104e+00
1.669977172340240790e+00
2.204731541568826447e+00
2.248213903030245930e+00
2.340497036929600760e+00
2.149368821956957554e+00
1.876781526511733800e+00
1.237261250803315393e+00
1.955238015425564635e+00
8.896527416115167508e-01
1.089992046997013908e+00
2.131468877050401556e+00
1.942004309729510991e+00
2.264189059445766095e+00
2.270682077160500967e+00
1.416789177570416891e+00
1.743789489338099630e+00
1.488025787698120217e+00
1.148103416825346779e+00
1.470749450304379424e+00
1.146164400252102755e+00
2.166689851243564391e+00
1.723877282169280489e+00
1.409630303388019090e+00
2.233145681094215629e+00
2.262679587665939351e+00
2.388753462460064370e+00
1.654268222379486453e+00
1.483432357827447978e+00
1.655396952586653647e+00
1.618260498456917995e+00
2.298603290147370082e+00
2.291286904435986038e+00
2.395813768329956073e+00
2.227717007334566901e+00
1.326750802916739191e+00
1.339912806949411062e+00
9.470721856791316506e-01
2.261762774280934529e+00
1.992344212628722744e+00
1.660737052126458613e+00
1.859701816147365516e+00
2.231827409601225831e+00
1.793806495046905036e+00
1.431723043009603291e+00
1.479799719840630079e+00
1.686120828833209684e+00
1.904462429482030039e+00
1.937055973450143576e+00
2.131703553113534433e+00
1.808642910318778663e+00
1.999122200220752488e+00
2.070783138608071727e+00
2.184810774654276866e+00
1.700948712708852950e+00
2.097449476615076858e+00
2.053050488478138202e+00
1.662020357418928285e+00
1.957438099367529327e+00
1.968777401127260296e+00
2.024301725229063820e+00
2.039190435236184040e+00
1.610306152796825208e+00
1.728361818061332267e+00
1.842597111390487541e+00
1.609183885627362809e+00
1.627206829807424926e+00
1.847503056132612009e+00
1.620988272976893185e+00
1.726673246833391850e+00
1.576862703725472103e+00
1.892366971580281332e+00
2.213742930769536876e+00
2.148674842026660148e+00
1.385952147744264895e+00
1.430205739399606379e+00
1.407243261327716377e+00
1.456301076697800179e+00
1.439521450175064610e+00
1.395008778980223463e+00
1.433154230633354898e+00
1.507332710888052985e+00
1.392694385290104808e+00
1.389108176347432444e+00
1.679222970208972043e+00
1.652166469248983915e+00
1.646989928051165286e+00
1.680605843247576781e+00
1.453639451070259714e+00
1.437840106735951862e+00
1.386049497871512770e+00
1.518122106927015880e+00
1.536774254760955971e+00
1.481302339870413487e+00
2.204656257937457120e+00
2.238674799124217518e+00
2.294422608528751351e+00
2.240160480898289563e+00
2.194677266891641665e+00
2.183985601810611854e+00
1.727580642480599060e+00
1.235403645562020092e+00
1.290999656941235862e+00
1.968278433418489959e+00
1.433340989939090315e+00
1.587269829377690566e+00
1.068876161442005923e+00
2.164190122166366415e+00
2.071228819333207571e+00
1.908048007522785916e+00
2.095751529791530121e+00
1.724592730670962526e+00
1.987659351953342979e+00
1.752088730467802780e+00
1.674587822619077571e+00
1.606935498394611805e+00
1.685862134802451173e+00
1.492403968834862038e+00
1.653977021101458833e+00
1.851973858225270053e+00
1.628008590496563102e+00
1.633020512385910727e+00
1.660161466740144753e+00
1.636360559173767770e+00
1.619974296326610608e+00
1.423824254846911552e+00
1.887651425030439700e+00
1.984828855735129238e+00
2.120645855656824175e+00
2.120882260204660419e+00
2.026464502487162811e+00
1.861901622713913129e+00
1.987699477492343991e+00
1.486541810633343230e+00
1.611477757633337893e+00
8.289880014295537558e-01
1.813530109272148305e+00
2.116204076363814579e+00
1.992402664585781080e+00
9.072359718058985445e-01
1.473423269102092981e+00
1.134127232328653534e+00
1.335027957911455454e+00
1.362524099557893997e+00
1.287012698893944318e+00
1.365570047602354453e+00
1.044538328177456066e+00
1.178275778646537431e+00
1.342659992278597336e+00
1.157875663386923826e+00
1.583774541070215092e+00
2.151767057703203534e+00
2.067100515759537682e+00
1.879202374092918237e+00
1.785842177204602033e+00
2.046312894299730178e+00
1.548648871533362392e+00
1.946009451412929359e+00
1.206426152686901787e+00
1.606002609705000639e+00
1.215056335896205209e+00
1.745523931132229922e+00
2.152365100582730228e+00
2.145264293143798184e+00
1.092743232834287204e+00
2.104415800566020955e+00
2.014436878130418496e+00
2.162805978887184288e+00
2.245223373732009531e+00
2.255547109743137213e+00
2.263585830896341022e+00
2.227679986795074729e+00
2.207881757329907657e+00
1.252920614285805145e+00
2.237475316320889807e+00
2.284851234955733723e+00
2.231909230358300356e+00
2.229320813611412433e+00
2.174739966178937500e+00
2.207336408479661838e+00
2.026713679190176087e+00
2.307162271203379689e+00
1.154743108721590472e+00
1.185982377849648550e+00
2.354739337347797612e+00
2.317214580662815937e+00
2.321811398181835351e+00
2.250584418873773807e+00
1.623469250782096918e+00
1.421170403377360669e+00
1.534692476488998203e+00
1.513779516950308324e+00
1.476566628362128597e+00
1.381335329622225716e+00
2.370678123651080327e+00
1.276014746520395260e+00
1.092129969318856419e+00
1.048403811574952771e+00
2.231432614737733910e+00
2.165806755860230304e+00
1.383517273913591916e+00
1.423737805838491521e+00
1.341621739620719289e+00
1.312248001528886432e+00
1.351572000924397665e+00
1.441237494048363210e+00
1.475987845438596402e+00
2.078152765392133006e+00
1.813959994025585276e+00
1.395981237918578532e+00
2.117995140902928508e+00
1.412595604004463379e+00
1.515646817579997752e+00
1.442075724533013581e+00
1.842370655051074113e+00
1.430693821644114738e+00
1.391675612386347627e+00
1.331578865890967966e+00
1.277713510409441700e+00
1.357831309822801646e+00
1.482088583163750695e+00
1.332820188161864872e+00
1.665431951663501220e+00
1.361294329088781341e+00
1.373148885520786067e+00
1.393040807070366816e+00
1.396482224379316461e+00
2.185863244260750626e+00
1.581650352223789024e+00
1.511815332943420298e+00
2.136716100205637847e+00
2.208596273312445124e+00
2.288417038229892508e+00
2.202084484722132807e+00
1.171275104789055721e+00
2.128248173280744560e+00
2.183947053606763777e+00
1.963923154401700844e+00
1.973778659254306955e+00
2.252835814379947177e+00
1.972829756375749533e+00
2.112004563250491351e+00
2.123436268249002001e+00
2.218914143660873695e+00
1.370625206607741786e+00
2.212636020023793115e+00
2.266873384451992379e+00
2.127147187571498677e+00
2.278020587573662770e+00
2.142606852802380946e+00
2.255229021110782828e+00
2.113897823671622156e+00
2.267037246161086816e+00
2.159744406960310226e+00
1.249306177328560530e+00
2.135137787563104350e+00
2.251008315815367755e+00
2.272668767350002561e+00
2.090806310485039177e+00
2.317611321698882065e+00
2.218834225070101418e+00
1.266133174936434624e+00
1.376154895705560044e+00
1.281537621296200413e+00
1.259420014279957201e+00
2.271582748576933319e+00
1.426850378934174435e+00
1.357208715366884366e+00
1.384037576216333720e+00
1.409367086141175784e+00
1.287199039487888497e+00
1.311092394830837282e+00
1.319583140814660993e+00
1.382958903179256849e+00
1.309831891282581928e+00
1.449978650766656774e+00
1.439830554523211292e+00
1.444765073805296174e+00
1.444664705623924350e+00
1.489871600096076332e+00
1.260289068731049511e+00
1.197772308621353643e+00
1.241136382247531866e+00
2.233849973027826064e+00
1.880825728678516828e+00
1.629991521278491673e+00
2.204123354242322641e+00
1.928764540658252091e+00
1.309606511750370572e+00
1.186079651491860565e+00
1.152891365596030671e+00
1.256948557299737645e+00
1.206171528040898000e+00
1.222410996817713702e+00
1.247025575829553645e+00
1.273882327382219293e+00
1.238362443858626261e+00
1.308227895359857396e+00
1.341448212234885640e+00
1.314552921252289286e+00
2.222278473633610307e+00
2.281824863639069001e+00
2.281816246742905285e+00
2.284558984973997120e+00
1.269871551278678679e+00
2.200352668820425794e+00
2.218216598846398657e+00
2.140319208150641916e+00
2.245651741414872671e+00
2.222073607595556943e+00
1.615060346227805921e+00
1.687878835479462269e+00
1.408155993459659694e+00
1.541755063375725987e+00
1.127813631384735116e+00
2.226983297471913481e+00
2.263965892144351510e+00
2.237094250468986800e+00
2.290321935480352344e+00
2.204160759459460994e+00
2.282324981716862933e+00
2.104137004167453640e+00
2.125230660343599087e+00
2.167929646572250846e+00
2.240801371815543508e+00
1.300905378203725871e+00
1.201496683110115704e+00
1.237023830304823102e+00
1.190618304327502708e+00
2.175346159216852371e+00
2.151212362359971042e+00
2.280799134737072187e+00
2.173694878728976487e+00
2.168275739560679316e+00
2.209405570048981193e+00
2.199525416298602654e+00
2.201897610549663931e+00
2.280963830595118758e+00
2.246158714456172323e+00
2.236014913743368915e+00
2.230600449213098191e+00
2.284616507130713625e+00
2.280792622480884546e+00
2.157778257731473026e+00
1.939544095778820143e+00
2.209123027716601850e+00
2.157999647462903070e+00
2.294521898114331826e+00
2.203099072850347895e+00
2.243242909452121125e+00
2.239796264956666949e+00
2.210406840490428682e+00
2.207375359432570239e+00
1.301510199949324154e+00
2.159338946883581745e+00
2.188233579285251640e+00
2.205460904444361159e+00
2.202402974117554368e+00
1.225274705664488151e+00
1.267378706699498814e+00
1.265001240684843209e+00
1.195422813262430051e+00
1.057089254406418322e+00
1.275145084173168186e+00
1.198146287825054834e+00
1.167690669486097566e+00
1.171564349472250965e+00
1.130782417527923966e+00
1.044093843262625221e+00
9.965280774333314939e-01
1.015235819462448230e+00
1.142968138704764769e+00
1.142226723826254675e+00
1.156538307797217779e+00
1.117423203131041598e+00
9.712169951146831792e-01
1.157205473033299459e+00
1.124493084970579870e+00
1.094834861261667847e+00
1.048445558562913105e+00
1.122138235447870169e+00
1.206793504570787823e+00
1.174245764715339257e+00
1.184022883079002497e+00
1.188813251807002036e+00
1.088652963744533020e+00
1.128000095857172536e+00
1.096941130692089983e+00
1.138941766113567455e+00
1.160139199942585408e+00
1.116756697937308029e+00
1.136717676889857920e+00
1.134712173666872825e+00
1.076232858528419323e+00
9.034221299766509450e-01
1.032963229574749953e+00
1.009025155884316183e+00
1.046171285933605866e+00
1.187370647969334669e+00
1.184430816067638670e+00
1.179583516460346537e+00
1.169684828439266022e+00
1.187133700922066382e+00
1.179549665743039988e+00
1.182248204945237191e+00
1.185806000362658708e+00
1.143170839807237993e+00
1.188131506493729894e+00
1.180496886770646903e+00
1.176558061833615776e+00
1.187646059491124451e+00
1.179549623064050312e+00
1.183670246768638634e+00
1.092391021334552459e+00
1.097738121887755991e+00
1.040520770042927312e+00
1.120826535317182682e+00
1.283004822966097080e+00
1.211380138716457111e+00
1.149806952960272355e+00
1.079732608981636588e+00
1.143935283527132807e+00
1.135911909256769103e+00
1.062693769048531411e+00
1.134045314497509338e+00
1.068828979635058740e+00
1.226004227660140611e+00
1.168695835001613448e+00
1.065521118411802304e+00
1.110749555627053020e+00
1.191465905892011623e+00
1.202340200023864547e+00
1.181804049524295408e+00
1.171048590976604631e+00
1.180480110403156369e+00
1.100170738605165566e+00
1.128870005967187229e+00
1.144989657484889900e+00
1.149845491425560695e+00
1.145977559815272606e+00
1.290558898593156645e+00
1.193661687168585450e+00
1.227140571092041776e+00
1.150285681063522913e+00
1.124535308292843094e+00
1.195760229210999892e+00
1.446649125027492433e+00
9.393532151435681765e-01
1.122332984296754876e+00
1.150292733011192281e+00
1.158090535237576768e+00
1.136750536258681832e+00
1.178397431510244786e+00
1.096686057044953477e+00
1.154325139301675129e+00
1.143844873713234511e+00
1.155622370630473572e+00
1.163442855671654730e+00
1.149666324568266340e+00
1.114655883127902314e+00
1.135110915607083548e+00
1.122675073299104431e+00
1.114757910358840309e+00
1.150052460511711505e+00
1.142404182131310231e+00
1.112539361110591596e+00
1.173818844713822918e+00
1.183353388582397248e+00
1.123453274142001579e+00
1.111596041594302031e+00
1.199244928551304934e+00
1.243453353975034759e+00
1.149947137943109432e+00
1.107183411908477577e+00
1.170458432403081117e+00
1.209345796107253568e+00
1.241521410823357652e+00
1.224276003324501927e+00
1.221844479063910471e+00
1.215283266244202132e+00
1.252261465031665244e+00
1.158379994030393823e+00
1.111380161532395050e+00
1.298114118039142451e+00
1.177138541402170224e+00
1.150348016645658777e+00
1.111277096045601542e+00
1.152302915716820753e+00
1.163020953047966932e+00
1.200200144991681928e+00
1.256997861445662501e+00
1.164147796535325297e+00
1.145471235450290504e+00
1.220676709759075163e+00
1.198907223583305814e+00
1.177216750318347716e+00
1.151013496701913219e+00
1.159931080324923647e+00
1.175905222454670884e+00
1.261201678485462718e+00
1.158891631623761409e+00
1.173990815638074059e+00
1.158502225545721354e+00
1.197491753325735653e+00
2.314248677147029198e+00
2.062383369489159790e+00
2.188388448860820734e+00
2.278752384513489382e+00
2.247481599992982915e+00
1.251612098251202232e+00
2.031376115123333381e+00
2.070367307757098541e+00
2.065551318180923523e+00
1.933069750973526180e+00
1.155701213325047050e+00
1.240918089733028529e+00
1.258436502663647705e+00
1.108025654045502906e+00
2.124393012204457865e+00
2.048251808739795177e+00
1.860090786030944354e+00
2.004387420571774214e+00
1.977521478220372497e+00
2.150634029700869920e+00
1.853640788285368712e+00
2.042352742624061968e+00
1.143205090064941087e+00
1.234146757920402848e+00
1.287576243358996120e+00
1.199325390520116663e+00
1.128225313436679755e+00
1.170335391131954283e+00
1.218688719178365965e+00
1.205211881654488115e+00
1.271501832346991767e+00
1.212655291058981399e+00
2.185013350542701183e+00
1.576800099061806959e+00
1.221150073628392674e+00
1.260168630462292327e+00
1.215470161708416708e+00
1.998813435620500734e+00
2.042183358899234857e+00
1.985856104137151412e+00
1.906703338117582414e+00
2.146983126071764225e+00
1.943592657957577963e+00
1.195209443502350366e+00
2.187894589140855661e+00
1.938812216821114154e+00
1.973965941661700585e+00
2.097672714984858189e+00
2.172031396337825271e+00
1.942376543166288494e+00
2.009713741481181870e+00
1.264325915392424227e+00
2.062975966084346524e+00
2.138335339732854834e+00
1.947225215886769556e+00
2.075692223747532594e+00
1.204824026992873387e+00
1.184162912829853420e+00
1.251181871004444002e+00
1.257958147939922888e+00
1.735645323329101153e+00
1.227838131738437033e+00
1.341467609688395735e+00
1.292329952774427859e+00
1.057079445913426730e+00
1.215243254660400396e+00
1.305479947963866350e+00
1.378310499986589832e+00
1.169122228580369516e+00
1.249519128458707051e+00
1.281143954703535037e+00
1.263986931274371228e+00
2.117989036851683160e+00
1.279806702797708251e+00
1.141275192684657602e+00
1.196393981616603819e+00
1.235674069376803352e+00
1.301909274735484789e+00
1.865540347797679521e+00
1.854533941327068947e+00
2.007800827481229788e+00
1.931501945473829140e+00
1.263716099898497758e+00
1.384331037591596925e+00
1.196338204448422982e+00
1.299021693616713602e+00
1.213659215966191418e+00
1.273289531658054807e+00
2.109247003807341869e+00
2.067030353653907415e+00
2.018427258474009278e+00
1.919081384919530286e+00
1.990187541297290252e+00
1.743177851855346017e+00
1.824975235585843514e+00
1.676490387240354263e+00
1.886242596899004420e+00
1.297067673776853614e+00
1.683374539401355729e+00
1.625394720944378868e+00
1.885454884552275168e+00
1.267020850886464434e+00
1.286271230801981691e+00
1.262148593790219708e+00
1.285547523559414707e+00
1.274767988676611452e+00
1.232646221134891196e+00
1.233312767586491665e+00
1.230157873007994951e+00
1.195009535200535655e+00
1.525454287789871799e+00
1.189345467435137360e+00
1.184983333327326083e+00
1.963292013830153726e+00
1.615063301565495602e+00
1.301001348093990817e+00
1.163918436628786024e+00
1.225670141448960138e+00
1.247307432090965618e+00
1.568361908750726341e+00
2.137144584794131053e+00
1.812855125940965317e+00
1.932676774747994708e+00
1.142554037884802032e+00
1.247326070580157209e+00
1.092356213278054211e+00
1.296192431842459136e+00
1.930649123392777833e+00
1.242389554090394199e+00
1.095830772798127573e+00
1.250928652434991184e+00
1.242840605470819204e+00
1.157888412400161826e+00
1.268716667978221135e+00
1.070562347705251716e+00
1.756480287019536402e+00
1.803928458556605996e+00
2.036252152966747442e+00
1.904564278915129583e+00
1.665402104152118312e+00
2.145154946294551834e+00
2.178787845864123440e+00
2.052503983702362866e+00
1.909579597986558852e+00
2.160458584665907011e+00
1.845411956072912973e+00
1.993191256410478118e+00
2.125533614815599215e+00
2.017430839754910110e+00
1.998990209401057205e+00
2.019077803061910981e+00
1.815952734289965953e+00
2.139181448499647420e+00
2.039113095851017743e+00
1.789733176435789774e+00
1.794769610161854434e+00
1.915727011393203671e+00
1.902335888972523037e+00
2.257564634245694091e+00
2.122992395726594150e+00
1.877157129125916146e+00
1.701141316263488745e+00
1.913656454159959885e+00
1.092406746932951034e+00
1.131429907045849781e+00
2.002535737224989454e+00
1.855263461513741774e+00
1.877079924985673776e+00
2.006140788630034422e+00
2.045314913764021636e+00
2.104252319624387635e+00
1.903300142869102318e+00
1.854497377666721736e+00
1.923847730235847431e+00
2.120674797945860668e+00
1.828955119957811792e+00
1.860179661598823309e+00
1.941191861076376091e+00
1.101486927892793899e+00
1.180866402415769123e+00
1.148110964137770251e+00
1.117661537333677790e+00
1.167452696615583152e+00
1.153064568687134361e+00
1.653795214326930774e+00
1.150016064106120783e+00
1.131760870775139649e+00
1.133408121163496762e+00
1.131897702374008885e+00
1.113884793888932467e+00
1.161639123746724067e+00
2.039082404842924579e+00
1.117790161635938473e+00
2.124689302350792008e+00
2.204951841699417603e+00
1.166876992638489430e+00
2.015256694991602870e+00
1.577735838382241074e+00
1.198397607785893104e+00
1.152942402121874599e+00
1.935418853080544288e+00
1.929934792099068375e+00
2.010238015261399447e+00
2.009944840261974175e+00
2.029683433697553330e+00
1.146112705123721875e+00
1.271757743244277261e+00
1.339737821283358610e+00
1.163636797399744571e+00
1.140355728548221093e+00
1.167504161493573500e+00
1.976398659773927591e+00
1.949068193554593931e+00
2.032970417546092534e+00
1.884613913778897976e+00
2.046623512938660294e+00
1.864862759048384833e+00
1.756105313983862715e+00
2.355798439731922045e+00
2.139901902725814153e+00
2.307516077230973739e+00
2.500143959605297894e+00
2.433535430496789775e+00
2.344137839885247931e+00
2.325917247548581646e+00
2.175659364972578391e+00
2.396596437817001490e+00
2.245720141264266445e+00
2.196589081801018750e+00
1.939272142734289828e+00
2.090935539725457204e+00
1.955119470006084770e+00
1.976822242273224228e+00
2.283849654332358092e+00
2.358843736908965205e+00
1.837988063937689320e+00
1.879973244361086815e+00
2.318053378641521611e+00
2.433534373658118533e+00
2.483485292163150060e+00
2.297123857664349345e+00
2.146519093151970647e+00
2.041023681476886509e+00
1.815707585761795251e+00
1.121340413723402873e+00
1.143750328780340997e+00
1.128316149455841577e+00
1.146048499469872750e+00
1.248914343360854717e+00
1.298657150643633518e+00
1.154843573704871895e+00
1.141951076977981039e+00
2.140145419951276828e+00
2.030617729101950708e+00
1.940414223982764197e+00
2.043279912195156811e+00
1.960286167429803994e+00
2.072805917728105740e+00
1.964871800789471878e+00
1.912931680756283281e+00
1.992111071080142626e+00
1.979658893788012186e+00
1.970558174446723543e+00
2.226648543251005918e+00
1.941893047208661960e+00
2.044314200738686971e+00
1.878287871183218494e+00
2.112520718941023556e+00
1.924894942309815837e+00
1.989857041651053926e+00
2.053218240439638187e+00
2.058215783882446193e+00
2.137230785187697713e+00
2.021953497300475355e+00
1.927378621549080684e+00
1.851210126799617939e+00
1.982066897110300374e+00
1.995422031172606303e+00
1.738085975064424638e+00
1.861499123090951890e+00
1.989488007917175061e+00
1.944288479694933125e+00
2.097152715823130897e+00
2.071532008109742584e+00
2.083104717912096060e+00
2.156594776702354554e+00
2.093685222675628843e+00
2.120001531594448707e+00
2.013469724110541037e+00
2.045665920624951006e+00
2.009768558950923101e+00
1.932157217572749275e+00
1.899791282998657183e+00
2.022461685620418059e+00
1.958558757515775017e+00
2.355265984184385264e+00
2.121611503067748927e+00
2.140124642871462424e+00
2.205639763633886030e+00
2.171244821852704288e+00
2.224596549340825735e+00
2.284577136021116228e+00
2.247161440917104347e+00
2.229302105692513525e+00
2.304239415249606182e+00
2.259182762057601934e+00
2.363075029162259089e+00
2.321714074235589731e+00
2.270616449345811638e+00
2.319502640210636013e+00
2.408522537929086216e+00
2.349694914573026150e+00
2.359836125186708156e+00
2.313277244143022493e+00
2.221177108318459048e+00
2.266407839559386517e+00
2.269064973896451676e+00
2.172702769978029025e+00
2.223522298943905184e+00
2.201941956726513716e+00
2.267094985256242090e+00
2.044789885858461442e+00
2.192948473397479781e+00
2.144918902369883806e+00
2.159535409103330306e+00
2.149300588568801906e+00
2.107861831816921327e+00
2.222435689232148182e+00
2.270829327182533497e+00
2.273164563101585767e+00
2.250708623671601849e+00
2.186880232684446312e+00
1.999307770409332941e+00
1.842256262832862479e+00
1.589618007703674785e+00
1.900946694851633145e+00
2.065112106644259704e+00
2.028210508120753097e+00
2.103820804777482234e+00
2.119657759714630885e+00
2.128997262157765302e+00
2.189174658071983526e+00
2.150850339052712279e+00
2.206602706483764997e+00
2.159832822679525144e+00
2.163618069018892864e+00
2.063170264223021633e+00
2.202212219194248810e+00
2.085386223088616209e+00
1.456832048861787410e+00
1.457190300538314220e+00
1.642288625959118953e+00
2.101461984091629986e+00
2.156904644527781745e+00
2.222073179988579117e+00
2.230997265583243738e+00
2.142797274725650070e+00
2.160449636831126341e+00
2.175388941205271820e+00
2.366948641090380168e+00
2.301711264599221263e+00
1.387475510006652035e+00
1.373676838686822554e+00
2.195297982448781937e+00
2.204917791306576280e+00
2.183688210724723078e+00
2.230286452231857730e+00
2.176658821385806242e+00
2.329663327151468177e+00
2.322719051540629742e+00
2.232674390062351133e+00
2.191210222125223872e+00
2.224910756082772334e+00
2.236199901738115781e+00
2.275889097220478163e+00
2.260162675149360201e+00
2.154908208929325220e+00
2.175466368680421425e+00
2.229559270031776563e+00
2.224987777074275641e+00
2.271142866815058614e+00
1.866046215000366937e+00
1.699904513169455234e+00
1.575065425271537256e+00
1.755618218475748282e+00
1.857413043301874955e+00
1.259662134017475177e+00
6.626182011242905956e-01
3.164740576725142418e-01
6.909896468934864089e-01
1.117926477271124375e+00
2.057954952012697181e+00
1.178888298840337301e+00
1.211371333726800614e+00
1.437040100054827185e+00
1.589915331371563045e+00
1.482787082040140536e+00
1.543799041210193179e+00
1.652177433584061550e+00
1.078735005080808662e+00
1.184402014070254694e+00
1.121467707434754324e+00
1.624206961130878701e+00
1.380918390383346850e+00
1.726164055969935829e+00
1.226358186381706128e+00
1.502614185195611629e+00
1.631346386211560251e+00
1.383502490130245066e+00
1.211154016078030082e+00
1.202271728881907809e+00
2.085971767414174227e+00
9.993355813162793644e-02
1.582999694460393014e+00
1.475726065416558264e+00
1.586885177655759982e+00
1.614667218253247771e+00
1.568490039715253692e+00
1.647595295766389301e+00
1.468900354224247806e+00
1.480247491739416610e+00
1.466055226111945053e+00
4.447636295948484975e-01
1.645077090414321708e+00
1.357584201219281583e+00
1.174608019184284924e+00
-3.467415621751535060e-02
1.405641931632855002e+00
1.434803041420386727e+00
1.568915202321460312e+00
1.365526373361406476e+00
1.424810789230815278e+00
1.373522167796276117e+00
1.255509991003833647e+00
9.773663052161063458e-01
-1.602536016153056908e-01
7.139650678498531411e-01
1.649786601766216165e+00
1.918995565561300021e+00
-5.947657842026791153e-01
1.293659221691454642e+00
6.613549272482596164e-01
1.019211472273620300e+00
1.338142568296609047e+00
8.631042686549239562e-01
1.043438708857091557e+00
1.219701380940769520e+00
8.851554506266061662e-01
1.949996224747866380e+00
2.007093276989766917e+00
2.000964459751368274e+00
1.947257831659946925e+00
1.182813432361832895e+00
1.335239466411770826e+00
8.885182204653578886e-01
1.959745351546162251e+00
2.058018271362525908e+00
7.471748584532700299e-01
2.190157561654865859e+00
2.105297391618608405e+00
2.106846515653742813e+00
2.178812444871421228e+00
2.144603897159109707e+00
2.148336066661166388e+00
2.147292547932228235e+00
2.127487231507520171e+00
2.245488804525401783e+00
2.290572636853151156e+00
2.251014133544571916e+00
2.204129953770124217e+00
2.176417918708722699e+00
2.157680853856070335e+00
2.148573941063358195e+00
2.147692002561792712e+00
2.186624046598926618e+00
2.159824813531370680e+00
2.174519950990426498e+00
2.324325836658975852e+00
2.303823397003335494e+00
2.263291306860592655e+00
2.235135385378751671e+00
2.311615856172425598e+00
2.269929281984273572e+00
2.246585835708591272e+00
2.330624394610951722e+00
2.331679777685477184e+00
2.337140689072321198e+00
2.157624004530848794e+00
2.296961976814951623e+00
2.179717786907380717e+00
1.486961949429413066e+00
1.302811861588675679e+00
2.038992622071847283e+00
1.344934205482634315e+00
2.062952697845346961e+00
2.058349301530493669e+00
1.285907772543619654e+00
1.327671497118941613e+00
1.266933787679000334e+00
1.272915324283790728e+00
1.394505305907725701e+00
2.014744088822438606e+00
1.448844163602308388e+00
2.106360773060539149e+00
2.094753267902154548e+00
2.120651236077151669e+00
2.209492551537642679e+00
2.243874101741056393e+00
2.207315915573814458e+00
2.306219180472754537e+00
2.397526965930544485e+00
2.357512527465932983e+00
2.342644342657846490e+00
2.321562767501185398e+00
2.326587393882305843e+00
2.136306319380478769e+00
2.251572162539698940e+00
1.361450010027516200e+00
1.428073887738128267e+00
1.311876051180243863e+00
1.129952566698332994e+00
1.263730191594465424e+00
1.451523267838001008e+00
1.474170819934739418e+00
1.480461134264145162e+00
1.298276214463576661e+00
1.297796296603822341e+00
1.459091400936746385e+00
1.308397657952549586e+00
1.475484008885649123e+00
1.381404246192098340e+00
1.450894014429965795e+00
1.557333496242061965e+00
1.408847548735847610e+00
1.500221622186149295e+00
1.426066165914532169e+00
1.450662614719016252e+00
6.907859484657424831e-01
1.407070067143978420e+00
1.396030067151199150e+00
1.385448190016795866e+00
1.530524380237994420e+00
1.197077408947880395e+00
1.089598930307225988e+00
8.246700860891962304e-01
8.556688015544537951e-01
7.699406935608070768e-01
9.828242627575980439e-01
8.138795149603890167e-01
9.178310193085643665e-01
1.051085475493815036e+00
9.335897790903938676e-01
1.231381304757056983e+00
1.211744048225270154e+00
1.122190919670711828e+00
2.154188763747422186e+00
2.194743538246369585e+00
2.275251884247670553e+00
2.214926264446748672e+00
8.673718084145956020e-01
1.371782533192005271e+00
2.314545760928869100e+00
2.402681827396657255e+00
2.267764779455496704e+00
2.359713019274461754e+00
2.226945289969737285e+00
2.081242025155904951e+00
8.129910258637939036e-01
7.861937067708774096e-02
2.026346453216672394e+00
2.084558517399786925e+00
1.060572141488392850e+00
1.087397490443835713e+00
1.277501192874355596e+00
1.295911750415511765e+00
1.351487985161390570e+00
6.557564124369132941e-01
3.588193346276014051e-01
1.212863655436474453e+00
1.271641606409293912e+00
1.372335811044187670e+00
1.370906001020351317e+00
1.321609563108026686e+00
1.319412592460889933e+00
8.470556762474035217e-01
1.149004028064607441e+00
1.032053704396287186e+00
1.202199134672769398e+00
9.796314338333979022e-01
1.178157057908755023e+00
1.363768926419704819e+00
1.324927109049522711e+00
9.103257565194995404e-01
1.160459613475771201e+00
1.246315658126394998e+00
1.181101352549957184e+00
1.204315636958460889e+00
1.273440978073047569e+00
1.306513687694670578e+00
1.331341314108082763e+00
1.187059311926848881e+00
1.410111112529007560e+00
1.353430960137692152e+00
1.335555110743583462e+00
1.343089987877614577e+00
1.365879853522791842e+00
1.312151795147431521e+00
1.420384884780790502e+00
1.300074900031219949e+00
1.376245503466053233e+00
1.370941833784822705e+00
1.241729513912687155e+00
1.549591252191774515e+00
1.312860733976298100e+00
1.471057619745504752e+00
1.273831185089379536e+00
1.316735121783669360e+00
1.338174997067418825e+00
1.462513354447236402e+00
1.350979400532451136e+00
1.396484568252678082e+00
1.469364738256883740e+00
1.339046846048580264e+00
1.228157623070082582e+00
1.256503170493090904e+00
1.319550472599442248e+00
1.133673992650437112e+00
1.242687503239783053e+00
1.150013663513552942e+00
1.258157377193360960e+00
1.260917330789081747e+00
1.352279314953777956e+00
1.255172436069477815e+00
1.196228221947828851e+00
1.231636865700167283e+00
1.202978262658480180e+00
1.277346966640629633e+00
1.353405263964291949e+00
1.233788752755083484e+00
1.525004094595490134e+00
1.343097513463569204e+00
1.409022824775918670e+00
1.346966099104856429e+00
1.376384275767707166e+00
1.336236748866768798e+00
1.395715626959534550e+00
1.267067008519333848e+00
1.190286262988101917e+00
1.196676089071651017e+00
1.287640456915310372e+00
1.235407539545534172e+00
1.225987261561858555e+00
1.086781914430515084e+00
1.218367576749396664e+00
1.135887253993038915e+00
1.158807750214387422e+00
1.143983207399662305e+00
1.058273316577611922e+00
1.279038135100369900e+00
1.277512759705466294e+00
1.183678092285202599e+00
1.231133603606656468e+00
1.267045185509103833e+00
1.431476757300269576e+00
1.369971844104725056e+00
1.384189260076266637e+00
1.400483934872869041e+00
1.416868827608062542e+00
1.402522247613771533e+00
1.318060535964862057e+00
1.246348232701023129e+00
1.417520019278271315e+00
1.292705656103888767e+00
1.161051130697035472e+00
1.430296472882564229e+00
1.306655146665006484e+00
1.377439077948526380e+00
1.528110810042883072e+00
1.458056266944272039e+00
1.163972589799664448e+00
1.244750843214081026e+00
1.381767446997009596e+00
1.380953493915749730e+00
1.202917087610571700e+00
1.399393477370097782e+00
1.199493380974743451e+00
1.314597177225416580e+00
1.360506506929609172e+00
1.147732463743752040e+00
1.152884003925557677e+00
1.148789064390161263e+00
1.142041338898053038e+00
1.108971236594552767e+00
1.109077161049543792e+00
1.280741662577884021e+00
1.360507219315262084e+00
1.448593471275197553e+00
1.199895867381427728e+00
1.135076453725139878e+00
1.186975032959015852e+00
1.243476210867933363e+00
1.267404930743604385e+00
1.240561049026744023e+00
1.236436412727650591e+00
1.257079630969088813e+00
1.167699023100305933e+00
1.186227441991315246e+00
1.263542309197033031e+00
1.238817321558311368e+00
1.098478820410672352e+00
1.215653516305292170e+00
1.221393105634424270e+00
1.239126472642566146e+00
1.187992888307841666e+00
1.206801307552663571e+00
1.237583135203606854e+00
1.304045783418996463e+00
1.273170654307334004e+00
1.362825360864487134e+00
1.270788814143266166e+00
1.270533381058586375e+00
1.310444540068753883e+00
1.432661021812428492e+00
1.388597558709962154e+00
1.280971880127573570e+00
1.254862439283799036e+00
1.309988998125933835e+00
1.295345113748325838e+00
1.222409042743005880e+00
1.181622755005134362e+00
1.120290539661462415e+00
1.293342576976254987e+00
1.269911094902798743e+00
1.392907202218780505e+00
1.299200854259736193e+00
1.280889203580851010e+00
1.362849352476429576e+00
1.322564844649081195e+00
1.352439420205411746e+00
1.370311051375050493e+00
1.387234688688591788e+00
1.290687376857389435e+00
1.509718471188897126e+00
1.302198150969798851e+00
1.295842136095625152e+00
1.391831075052884170e+00
1.203944639129917116e+00
1.129105476347212145e+00
1.321187200510436588e+00
1.304249378465529796e+00
1.314318979168531243e+00
1.215345595904070874e+00
1.013906300141940164e+00
1.124811332621931559e+00
1.191775564008723087e+00
1.154498819022956368e+00
1.260175258940953391e+00
1.005433730273681325e+00
1.158813852073489414e+00
1.214345548517109075e+00
1.238184725985823853e+00
1.400865574149820825e+00
1.409154795170152186e+00
1.354561993103135631e+00
1.426936789271118666e+00
1.399932288284002624e+00
1.263517779066066771e+00
1.260523737950642653e+00
