3.903820051048871420e+00
-6.277526827336311399e+00
9.232261005571058554e-01
2.989322656037166626e-01
-4.870969955181669775e+01
-6.739076827553805060e+01
-8.531451238877087917e+01
-5.647780054321425069e+01
-3.093577271949527940e+01
-4.717255192612964976e+01
2.390753289241089319e-01
4.651352580559208749e-01
4.372434652234427621e-01
1.699056523050597733e-01
2.916368310482390092e-01
6.365434996422847380e-02
-1.452974813176858859e+01
-1.092072582217880417e+01
-5.161742731966206144e+00
-1.638712739207485924e+01
-8.165451683288669216e+00
-6.717617982483389483e+00
-7.750618044446790478e+00
-7.972505866570868349e+00
-1.551922980913870731e+01
-1.285785597155408944e+01
-1.804465355128526483e+01
-2.190772506961976873e+01
-1.166219583839812657e+01
-1.707305160283064183e+01
-1.632315356855337285e+01
-1.351041986991588928e+01
-7.648265936565266543e+00
-1.376825104574281333e+01
-1.893150531734569242e+01
-1.890888548133267477e+01
-2.590031913370428285e+01
-2.103166613027841336e+01
-1.843810261369344516e+01
-1.608711587968422663e+01
-2.226908330693983018e+01
-2.352019957190039534e+01
-1.813949733303686074e+01
-1.482331005055407580e+01
-3.604672481063239076e+01
-1.451714533177201893e+01
-2.959447439591396289e+01
-1.601279759579414730e+01
-1.149416069537466356e+01
-1.539758680921891099e+01
-6.730076283784257818e+00
-1.490123839670692263e+01
-8.432341616057962952e+00
-9.673024924533150326e+00
-9.698696551556899692e+00
-8.433264099029681660e+00
-9.626296928151260701e+00
-9.711690223452905002e+00
-9.572238151505343851e+00
-6.225302144035615548e+00
-9.874129334067859531e+00
-6.882094739051054511e+00
-9.991808253752575197e+00
-6.450804413467703391e+00
-9.543233629437960275e+00
-5.372814194633009244e+00
-8.055823696731877703e+00
-1.010848777767042606e+01
-3.611388237449169480e+00
-4.635439971234714740e+00
-4.711917379942086370e+00
-8.232481376825544928e+00
-7.660853228390420711e+00
-3.924627621761731078e+00
-5.681095964735312975e+00
-1.730036406325790033e+00
-3.641646928250545479e+00
-2.734747375466917596e+00
-1.044158996011414597e+00
-1.017289932836008326e+00
-1.547796865104652086e+00
-2.406989371445577675e+00
-1.955160788727498655e+00
-2.962054066041856171e+00
-1.631409859747356528e+00
-9.384493261056529034e-01
-1.636562067465999526e+00
-1.523612699887589850e+00
-1.887889452378190835e+00
-1.841060255045852134e+00
-1.779531593471180617e+00
-2.193360708946237470e+00
-1.807037307469642418e+00
-1.325832813150430223e+00
-1.506438840871695994e+00
-1.329956729087822254e+00
-3.756068405114428854e-01
-1.107022664616043484e+00
-4.891387586579079572e-01
-5.981642762434402627e-01
-8.280401472071750035e-01
-1.130758052945414649e+00
-1.017514934569513585e+00
-9.567212653527259469e-01
-4.243409467320399253e-01
-4.996789670106753789e-01
-1.264375858029799793e-01
-1.060627334428683843e+00
-3.784725398376628247e-01
-3.894318853581696938e-01
-4.457152890840776482e-01
-9.019725981273047921e-01
-1.463441667725689621e+00
-1.231242555486820711e+00
-9.979638518542395254e-01
-1.066288365592581222e+00
-5.514336186393964390e-01
-2.144273743905325436e+00
-2.135474316001873429e+00
-1.531110923948006519e+00
-2.223987968931950832e+00
-1.598802601603677154e+01
-4.312587247800416357e+00
-6.241203965327732028e+00
-2.793490352733398296e+00
-2.747536423910792891e+00
-2.767063709806343752e+00
-4.355896845228740766e+00
-4.028555195441438030e+00
-4.280867535713115402e+00
-4.444216879166486223e+00
-4.363394737201658380e+00
-9.849501204108619401e-01
-9.519214806005138474e-01
-9.757293857925078973e-01
-3.869700267936125870e-01
-1.021929542520867207e+00
-1.101109003095687378e+00
-1.136365196344182760e+00
-5.479228439394714378e-01
-1.726516344858389507e-01
-1.220603352485681636e+00
-7.406040623390699462e-01
-6.891051694945176109e-01
-1.200670559543916660e+00
-7.848409614524298750e-01
-1.226478759958157916e+00
-1.209607181876672488e+00
-1.182392574944251429e+00
-4.409854456823029678e-01
-4.463816722452611518e-01
-4.450187508066593134e-01
-4.232421635983907859e-01
-3.498816933098231607e-01
-3.927941723179682598e-01
-3.502237262585129463e-01
-2.680410245684414217e-01
-3.288435008905334911e-01
-4.307921115107214427e-01
-4.012717506024458536e-01
-9.486370686719288736e-01
-7.258869705718857812e-01
-3.821611508469224816e-01
-7.292800555288678765e-01
-1.348741167647280026e+00
-9.591098820285787196e-01
-6.215433560881936659e-01
-5.647102928078544526e-01
-5.554015069057067766e-01
-1.848333444525013247e-01
-2.231944503862220153e-01
-1.502865384371819824e-01
-6.282991260877873740e-01
-2.664481515188790173e-01
-5.417573387270506746e-01
-2.049565768768830121e-01
-2.551812606271404160e-01
-8.325252354436187829e-01
-2.251879670389494992e-01
-3.026987126891884650e-01
-8.943911033703486613e-01
-1.426429671435775592e+00
-1.830753895409267917e+00
-1.540013019060432420e+00
-1.202512832092124340e+00
-7.380707425573409530e-01
-7.527220423448663933e-01
-6.264890305907138135e-01
-1.259032382541334538e+00
-2.152507196744873674e+00
-3.401339720005949196e+00
-3.144428167247216965e+00
-3.890826563813652328e+00
-3.838607282350862349e+00
-3.449264192425392839e+00
-2.652662357407743698e+00
-3.043816892522084316e+00
-3.765340955793569311e+00
-2.617586715384275120e+00
-2.588269654772771489e+00
-2.579823449648423583e+00
-2.566593734110607095e+00
-1.356988669854549245e+00
-1.389460499619325162e+00
-4.970002098363308640e-01
-7.779312659968327104e-01
-5.710176880501081076e-01
-6.210094867601065882e-01
-5.245682194926324371e-01
-2.281144996535527381e-01
-2.666918725626077347e+00
-2.575466700066511905e+00
-2.648718551001835397e+00
-1.443059778322137721e+00
-1.247818980916206799e+00
6.359628643966356298e-01
-4.210030432543732104e-01
7.104482930283607667e-01
6.818426043633342148e-01
5.769150878797925097e-01
1.091870422133911722e+00
9.455187946812335653e-01
1.197744766867309352e+00
1.018664948680584326e+00
1.116516752284854253e+00
1.016616809498887442e+00
1.015782464891254566e+00
9.830034451615913271e-01
8.519264947072114902e-01
8.243048995192032713e-01
7.433423374027037234e-01
7.935415685182832801e-01
7.877578313636323104e-01
8.033514130422791943e-01
8.021863822168161517e-01
7.741330140514459668e-01
7.348734883783373251e-01
7.208611541516775079e-01
8.782978807564035817e-01
7.416574648899979527e-01
8.049917810264142215e-01
7.165611059933576499e-01
8.184723125076009964e-01
8.209910821012170734e-01
8.352724991396189846e-01
8.571087987493504201e-01
8.196283716358399030e-01
8.280320025995411282e-01
8.154308582832783259e-01
8.260644537552844779e-01
8.174418612294922504e-01
8.294898207257862532e-01
7.837614468052294114e-01
8.214158560407458509e-01
6.878315547658538920e-01
4.595517102917618946e-01
4.227631456511686259e-01
7.914683374049339415e-01
7.621114206720369655e-01
3.734078312683859480e-01
8.316249493127325643e-01
8.282114514635326996e-01
7.909253495558342673e-01
7.138165497533068837e-01
7.255050087666017333e-01
7.040582529631302933e-01
6.946250594097813646e-01
6.036983700404885411e-01
5.000271857674161158e-01
-9.218849288586533630e-02
6.098477039567314906e-01
6.774117089196413088e-01
4.956825343746721346e-01
3.332388242624775287e-01
-4.151152073525320452e-01
4.488374818695559654e-01
4.342008453208258123e-01
-6.463269704283292061e-03
-3.060898228862607429e-02
-4.027789682245765945e-01
-9.202080604320034274e-02
1.783863055252917496e-01
-5.473544849175302485e-01
-4.143287343209204887e-01
5.167426391500617999e-01
5.963595420156337923e-01
4.503671286945881702e-01
4.042092754302250568e-01
2.875852733290743535e-01
3.011760294637286228e-01
3.190823990334613613e-01
3.416820096053410083e-01
9.693830730013208719e-02
1.636928983263018500e-01
2.784958393208125105e-01
3.223152910603834242e-01
3.347071420049330670e-01
1.560959076799829370e-01
-6.437778056056375764e-02
1.787179056521112086e-01
3.889126314495105485e-01
1.901928720736121292e-01
-7.509765656653832888e-02
3.501610852645612448e-01
2.747499978293651557e-01
-4.652135757957154283e-02
2.458645126555414062e-01
7.224532946374957465e-01
4.632966904150879195e-01
1.266922748953318578e-01
2.946316920781290039e-01
5.778629118658573649e-01
6.917511873951905921e-01
7.035348368329509272e-01
5.993620679848586930e-01
7.644491758780911361e-01
7.311522233549881955e-01
7.077623746414345440e-01
5.093754177319314014e-01
6.523094843610424132e-01
5.083275397507458493e-01
3.704553230007079923e-01
2.462066424976291357e-01
3.264386865366913915e-02
-2.892343428092728486e-01
3.073719300978330349e-01
5.649948103163433544e-01
8.359310085420260106e-02
-1.092102823817626245e+00
-3.697958630066940366e-01
-6.355067506410732037e-01
-1.197878501358147663e+00
-5.185365323978776697e-01
-4.749385916188898493e-01
-9.042814118549942215e-01
-2.092947414364129344e+00
-1.698780545255185626e+00
-8.741876481584871517e-01
-8.558349360542201190e-01
-5.304913948427990578e-01
-1.184121665615962549e+00
-1.256416275496148760e+00
-1.386236836677099626e+00
-2.281836762766994986e-01
-3.338783771303939774e-01
-3.813928063616175979e-01
-1.421572728030614519e+00
-1.143680167159964345e+00
-4.443549805952869969e-01
-1.359382179297611293e+00
-7.907686218846716741e-01
-5.890956360175365614e-01
2.530588146430561292e-01
5.307790525213074151e-02
1.708743021155185726e-01
3.077262432551053917e-01
3.754059705193869001e-01
-1.274863653638281524e-01
2.983782689226182061e-01
2.775780349289641014e-01
2.720381420430577624e-01
-7.917365770435382810e-01
-5.487386377611500055e-02
-1.348327193100344323e-01
-1.036065008371107377e+00
-1.102495081057183635e+00
-9.810236998365806649e-01
-3.295402992809682297e-01
-9.844505572721788944e-01
-7.401076845133289783e-01
-1.719404079549305686e-01
-6.130025726424920274e-01
-2.764053677697816624e+00
-5.988917644367917070e-01
-3.223194903361211727e-01
1.862527474166540409e-01
2.370672745863853514e-01
1.936972764142921299e-01
-1.362179152621361133e-01
1.589470707815896500e-01
1.801465953216281335e-01
-4.133768224935315816e-01
3.046667610738939547e-01
-7.032886746513149490e-01
2.183223216181347515e-01
1.378951072918313536e-01
2.418218304298135335e-01
-1.197434547900829149e-01
-1.359281047785933172e+00
-8.550892087255020924e-01
-1.407177670016756643e+00
-1.447947493457972357e+00
-4.426315438663044333e+00
-1.224150495659825211e+01
-1.982031467334781283e+01
-2.351375286005209730e+01
-5.055940413138267786e+01
-3.773955641384345228e+01
-4.348322295317034758e+01
-1.575950310226726359e+01
-1.076820790043548115e+01
-3.012954484826799018e+01
-4.226291125461651887e+01
-2.466575040643965977e+01
-1.361161727399624510e+01
-1.331986549094964367e+01
-1.577615496665525008e+01
-2.696958625907779705e+01
-2.761285363669593451e+01
-3.222595636837556565e+00
-6.027689554386469695e+01
-4.083317258427614149e+01
-5.402436270714473920e+01
-3.589559531216688271e+01
-1.632667377919612051e+01
-4.019342411867560827e+01
-3.623636641158196170e+00
-1.497975951007555295e+01
-2.148340489272897003e+01
-1.533322187188818653e+01
-2.647415392341640938e+01
-3.022141793275107347e+01
-1.686493287850000300e+01
-1.927280832572224867e+01
-1.828394740607434699e+01
-2.245200292136861009e+01
-1.614168345505930802e+01
-2.480551769768096904e+01
-1.799849899480357251e+01
-1.266798959232282762e+01
-7.629469374293792683e+00
-2.033911182846669519e+01
-1.441301676486233418e+01
-1.007600636378074022e+01
-8.969430710471899104e+00
-6.767205700112448596e+00
-2.820080997366024178e+01
-1.545824195940721957e+01
-2.765777219774229678e+01
-2.025425246753141906e+01
-4.792646887875483763e+00
-3.178366722894856622e+01
-1.201996559066809134e+01
4.255998727091447886e-01
-6.341169663999055572e+00
-7.956865150183685564e+00
-7.129680641575717459e+00
-2.635448323274711124e-01
4.105047251041664680e-01
1.958666855211097291e+00
1.714641497772793954e+00
1.581996031730190655e+00
1.588846323199481381e+00
-2.045401257812941687e+00
1.282838535696900539e+00
1.831169024172185411e+00
2.008885981466269399e+00
2.172895010289770834e+00
1.443915938273154120e+00
1.518859074002975484e+00
1.568809255847026352e+00
1.087575723021086738e+00
2.167705822173854990e+00
9.557830822707980012e-01
1.128877053000372666e+00
5.219173874168433480e-01
-6.500093652265890309e-01
3.203242870021622002e-02
6.468753055495152227e-01
7.538430792290594651e-01
2.013021086561789907e+00
1.690756919457522933e+00
8.851000294771391719e-01
9.166379065773944124e-01
1.326856279106344516e+00
7.644781783126468611e-01
1.058003848746209785e+00
1.219910945543182246e+00
1.202137126543188828e+00
1.236126984833510356e+00
1.141655669623687697e+00
1.161510088180882860e+00
8.278673530789961710e-01
1.210641887309434006e+00
9.453647195744696585e-01
3.198055944072475398e-01
1.437420806714510557e-01
1.484839140753807962e+00
1.103341251979433890e+00
9.289887534886771547e-01
1.205860372526064150e+00
7.011214754457381071e-01
-1.157097205362388470e-01
5.495471735381012302e-01
1.813565912454918605e+00
-7.311983788692547614e-01
1.173063558369597636e+00
1.126624398813564465e+00
-1.425629998377590191e+00
-7.305544731405289038e-01
1.251391209251750958e+00
1.173286049531586661e+00
1.317236672474969783e+00
7.591875282372217981e-01
1.484788335905821377e+00
1.485823709567301254e+00
1.376840977313086745e+00
1.244333565958378518e+00
1.410511798549225704e+00
1.206510426037224581e+00
1.344233934612084402e+00
7.875467080231659533e-01
7.842408744855003944e-01
6.154856577513720950e-01
1.348930294275964670e+00
7.452234852487957806e-01
5.253139000748229259e-01
5.864037377612503210e-01
5.075453573982328104e-01
6.972347975856015845e-01
6.826635192666113960e-01
6.523643226291787611e-01
5.093611826373383167e-01
6.042667834294699336e-01
4.811286631938502811e-01
5.782523532388290644e-01
6.395008212567548922e-01
5.860660676322332341e-01
6.331493792458786629e-01
5.747850094523399012e-01
5.723655286951716548e-01
7.861299730827534527e-01
9.866635189794057403e-01
5.955055143569705223e-01
-9.422291259030715072e-01
9.139236081496160402e-01
8.093072849668661028e-01
8.468798966071894307e-01
7.729993841181034275e-01
1.855534025963315181e-01
-1.336997240554725019e+00
-1.614266682007992726e+00
-1.855007318199815236e+00
-2.928427976209434291e+00
-1.853407199071072098e+00
-2.122995855313542624e+00
-1.577450404901843628e+00
-1.634109092417962650e+00
-1.724379600970923132e+00
-1.667895752855915070e+00
-1.412419790610764725e+00
-1.534026480732229025e+00
-1.257528577859884367e+00
-1.308470046977719292e+00
-1.487169883534660730e+00
-1.526202720694120440e+00
-1.497546006029897736e+00
-1.581142829196552579e+00
-1.336195130940009745e+00
-1.435451518361530621e+00
-1.728554260968049983e+00
-4.139954419347017911e+00
-1.709045359969089128e+00
-1.694451201301871990e+00
-1.589247027442499016e+00
-3.878527083352303340e+00
-7.730057130231378082e+00
-5.909755115083890509e+00
-1.705940637762545009e+00
-1.145609270550562719e+01
-2.369508578818794398e+00
-3.037472855350796141e+00
-4.832110759756996110e+00
-6.057647926198155730e+00
-2.545002825687662096e+01
-3.592150264454986974e+00
-3.520055180675141671e+00
-3.798318628886311110e+00
-3.956029349090168346e+00
-2.520359747249069748e+00
-2.122536362699411150e+00
-2.872495500575218852e+00
-5.223202068615594662e+00
-6.435883862346005735e+00
-4.196656640345178602e+00
-4.457680693908894654e+00
-4.796592676278974565e+00
-3.156942671039637993e+00
-3.435998718680462360e+00
-4.374971758458212179e+00
-8.061728926928561023e+00
-1.181205438847319655e+01
-1.252873708518436580e+01
-1.715768396535197304e+00
-2.869121032621590572e+01
-2.553696012879149890e+01
-2.426768147899034389e+01
-3.997557410836607517e+01
-2.280694081940776741e+01
-1.887895530874359196e+01
-2.574735471878846838e+01
-1.562648065319228863e+01
-1.216130297610600408e+01
-1.580301484214286134e+01
-2.321656384379496529e+01
-1.464039768910484263e+01
-1.405072851005814094e+01
-2.009151772323162533e+01
-1.509342663708579657e+01
-1.407430893232458047e+01
-2.294363346727212161e+01
-3.131708718771707822e+01
-3.992612868325785058e+01
-3.410158342943607295e+02
-2.720902781739933971e+02
-2.816206325182247383e+02
-4.317410014159629839e+01
-9.755783834236346763e+01
-1.701303478404110692e+01
-1.681249146652191229e+01
-2.378852599065700701e+01
-1.266103619194233119e+02
-1.783246400226571211e+02
-2.072729589577996876e+02
-2.398722724690204018e+02
-2.678592976566466177e+02
-2.398236318048765270e+02
-2.258320463537894227e+02
-1.748173406693603908e+02
-4.933683941299447184e+01
-4.335789692794831467e+02
-4.781807361285598290e+01
-4.644545451395755720e+01
-4.126844730573043307e+02
-3.124863001613521192e+02
-2.661110731800837925e+02
-2.967297362715603413e+02
-2.474679649412163371e+02
-2.306221422550416094e+02
-2.895977761249142191e+02
-3.741614143687983756e+02
-2.906518756706010436e+02
-2.753242231933215294e+02
-3.001076414526064013e+02
-3.179124101892479075e+02
-2.702709181678469577e+02
-2.527208318372469762e+02
-2.576571170687950598e+02
-3.504729534882980033e+02
-2.393821752624124883e+02
-2.421419851704180530e+02
-3.798038393722861201e+02
-2.181239673801700008e+02
-3.837417805583572203e+02
-3.110608048302273687e+02
-3.162194738414981998e+02
-3.852828941238839775e+02
-3.793148238033660959e+02
-3.418479326635674624e+02
-2.895248471404461270e+02
-3.079623288748917389e+02
-3.535730900721442254e+02
-3.908800372087778783e+02
-3.828093399562957870e+02
-3.584115689871522932e+02
-3.895651324839715812e+02
-4.230377726236067701e+02
-2.720335493912017455e+02
-3.161464225661425758e+02
-2.851930103219106627e+02
-4.050313779169277382e+02
-2.662710278865658324e+02
-5.901778939034503679e+01
-2.959386965175739306e+02
-3.927853085709333527e+02
-4.211816263302589505e+02
-3.897475462640233559e+02
-9.010706368816897793e+01
-3.881119980403839236e+02
-4.189744617236707995e+02
-4.154583749149004461e+02
-4.291699998874923949e+02
-1.382661878247722242e+01
-2.091273696912698910e+01
-1.278306966362749986e+00
4.767540775989643764e-01
1.859360464425743098e+00
2.312461527890878610e-01
1.606876509711057555e+00
-4.489387128461620335e+01
3.439527363769736557e+00
2.740988028154977219e+00
-5.243240056675655403e+00
1.193893134204823125e+00
-1.518256037759068455e+01
-1.269687771448828961e+01
-8.499074133142043408e+00
-5.277458634961497808e+00
-1.882023226772153635e+01
-1.547082065516351790e+01
-1.347663620443192478e+01
-1.238658829226334923e+01
-1.104527176524872267e+01
-1.005705894235941500e+01
-5.222279792352066075e+00
-4.283553218846437360e+00
2.124345468817229188e-01
-2.286403327797935370e-01
-2.000055447396321462e+00
-5.817714696567766630e+00
-1.953087954219176803e+00
1.892852647667557120e+00
-2.096600043466215091e+00
2.649549072724690646e+00
2.633178333109235769e+00
3.160967218875432305e+00
3.342436365634364748e+00
3.256221864534980082e+00
-1.249859241477035532e+00
2.637290154923964014e+00
3.393156741022682166e+00
2.857029870988939013e+00
2.763247307343154269e+00
1.011337178080423005e+00
1.066576053203808772e-01
4.975312987003528975e-01
1.323486237608802130e+00
-2.011116792663457664e-01
-6.771006594367110498e-01
2.364435072767661516e+00
3.446441252738573269e+00
2.794964293869539151e+00
2.254042307948020962e+00
2.390069047718856421e+00
2.809658769916403731e+00
1.307470535439464676e+00
9.365167162964092018e-01
2.522943902066622002e+00
-1.670858431917942610e+01
-1.283234522847688375e+01
7.808743539451488136e-01
-5.400705484430332604e-01
1.991912368478222728e+00
-2.355656277270755083e+01
-1.604095796467498047e+01
-3.312718963746795531e+00
1.468644820778823856e+00
-5.176444935861455043e-01
-3.639133531123130094e+00
-9.631322044375439262e+00
-5.801587499273017201e+00
-8.566655375777198600e+00
-4.207774517990051777e+01
-4.331684244179322718e+01
-2.578213941387809172e+01
-3.077772276471815971e+01
-2.457581873385756310e+01
-3.298497492316108293e+01
-2.103607019553690094e+01
-4.758768686083522681e+01
-1.887152176523638403e+01
-1.123288813680811060e+01
-5.994724515168741874e+01
1.020205113842877154e+00
-4.494651564541776878e+01
-4.558571494125001777e+01
-9.751230780041209911e+00
-1.031698530717941686e+01
-3.626677883206575359e+00
-3.417267566842691284e+00
-2.331080106341158498e+01
-4.571478297604190288e+01
-2.703056426589660077e+01
-1.962838583633590517e+01
-2.325680533207169276e+01
-4.802139577259848124e+01
-2.487225710409826362e+01
-3.102707169508356344e+01
-3.450668388381478024e+01
8.050086532659147531e-01
-4.390049717241507055e-01
-4.954817997120424700e+00
-9.323868788838677091e+00
-3.943491129205462897e+01
-2.958871518714077808e+01
-1.847476116370538790e+01
-8.033780775792154216e+00
8.891337957560850880e-01
-1.648025903955052218e+00
-2.873425017111499002e+00
3.706528141624798600e-02
-2.346874449428297282e+01
-4.158829620801757443e+01
-2.839257187092962909e+01
-4.172987703079035526e+01
-2.421465454884676305e+01
-2.467916617555869507e+01
-5.192621895348869998e+01
-3.433749281659252972e+01
-2.314355284845462890e+01
-1.799464115338098225e+01
-4.427772874844233542e+01
-3.283337066619021982e+01
-2.953725797399464170e+01
-1.257951580548762927e+01
-1.242483868093179034e+01
-9.992835574165971124e+00
-1.415539274291957028e+01
-3.438043653782530384e+01
-2.140135022850368784e+01
-3.326171863481567215e+01
-1.780056008528974232e+01
-3.476467058789963005e+01
-4.507445445304986720e+01
-2.391401657932097891e+01
-3.168610834514210595e+01
-1.638479565938680338e+01
-2.021205806666404570e+01
-1.139920493310917315e+01
-1.728832061929573172e+01
-1.108871123286161975e+01
-3.663344505141263596e+01
-8.059396771955103134e+01
-4.004238074962015759e+01
-1.404442287117410082e+01
-2.805310169660038255e+01
-3.407782587833918342e+01
-3.017078624035483614e+01
-1.428377570239444339e+01
-3.580490548058939027e+01
-3.228261854056831481e+01
-2.430994572119437436e+01
-7.146746873793790478e+00
-1.618634416327487457e+01
-1.343836346128258441e+01
-1.530088465450366719e+01
-1.481155722271734199e+01
-2.145644953259099097e+01
-2.089313068877620339e+01
-1.114144644067647505e+01
-3.843657288871303734e+01
-4.053713397945857366e+01
-4.345975337392892612e+01
-4.327062290295473446e+01
-3.065812958215397899e+01
-1.638949983911088992e+01
-6.924087130593147066e+00
-1.764798809313876404e+01
-1.741745178103299807e+01
-2.510856600532960314e+01
-1.372364577808290598e+01
-1.385367605194809926e+01
-1.302098808029459676e+01
-1.216220254472456475e+01
-1.791900908401066772e+01
-1.270788377640753275e+01
-3.316397878794126797e+01
-1.541040090624799319e+01
-1.745730780758907841e+01
-9.633318688823502285e+00
-1.665620860787307222e+01
-2.313997968628713053e+01
-1.945367156053659841e+01
-2.134512953974208926e+01
-2.945550801562903231e+01
-1.485345759124668596e+01
-3.189336425351802262e+01
-2.328910752909220605e+01
-1.812929440691820204e+01
-2.442438321360074127e+01
-1.597034588782789655e+01
-2.166484426085541060e+01
-2.078240557420676282e+01
-2.799208118690092206e+01
-2.207706206321019948e+01
-1.579976429924885295e+01
-2.512509239331620847e+01
-1.597497552782922270e+01
-2.257158755075242595e+01
-2.256128000824150348e+01
-3.052260077333955479e+01
-3.614592528203468191e+01
-9.223786129272363965e+00
-6.579533745178014037e+00
-1.674369624046309823e+01
-2.790126933056826530e+01
-1.385777768409916710e+01
-1.579449423681378839e+01
-1.229652444467235917e+01
-1.279992371006708929e+01
-1.353806995695229531e+01
-1.497256447954002034e+01
-1.290200768982934321e+01
-2.406946520879592200e+01
-2.576461313685295806e+01
-1.588117821187598011e+01
-7.418096177930681989e+00
-8.520632250867906876e+00
-9.601209705020529839e+00
-8.537113546867711733e+00
-1.137860180587375680e+01
-9.250100596498185723e+00
-8.374597013025669057e+00
-1.587776669626831527e+01
-9.418889824697949109e+00
-1.059444694861868719e+01
-9.622124224936595027e+00
-1.094384970438337135e+01
-3.970994955245314983e+00
-8.184583534206442579e+00
-8.645132293601912821e+00
-7.626503884730457372e+00
-1.189160374893357641e+01
-8.535669210904343274e+00
-1.082095304122938018e+01
-9.823044655040567008e+00
-7.339710209424734622e+00
-2.236024721944219529e+00
-4.745901853421766070e+00
-5.802571993749071844e+00
-9.521823737876793814e+00
-1.356116403615897781e+01
-8.035004031405620140e+00
-1.380220967253608144e+01
-1.370543662815623698e+01
-1.255074322228524331e+01
-3.363891441004442484e+00
-1.694389349168227099e+01
-3.409248125968773024e+00
-8.471775664447575238e+00
-3.781891781625524196e+00
3.379027767293093287e+00
3.191740424211398697e+00
1.563934614862207084e+00
3.283510211981532478e+00
2.044238840237083465e+00
2.300949511323827856e+00
-1.212046970349163999e+01
3.306243349661827757e+00
4.943770544573373171e-01
4.493907943641096692e-01
5.663732328596944310e-01
3.197963210786284982e+00
2.665160905373385791e+00
2.484328713417032652e+00
-2.154729538727518712e+00
-2.840488443284155284e+00
-7.280309359433578820e-01
-1.772179554181841921e-01
4.134758051724083394e-01
3.036828231413887913e+00
3.126611057312051134e+00
7.191224855065895261e-01
-8.065262708599896246e-01
2.889391496318781893e+00
2.598678915105332887e+00
9.925483883005310481e-01
2.657399640591086687e+00
6.087583693522728989e-01
-4.449183063511940261e+00
2.121834262960523798e+00
2.804254978527789710e+00
2.743312932477684374e+00
2.827423944369725994e+00
1.895645255178156352e-01
-1.429728824099261719e-01
1.282084073945497060e+00
2.038034120926240700e+00
3.135803522731904991e+00
3.050557773670733219e+00
6.196782577397065284e-01
1.459486016466470026e+00
2.295213675657329144e+00
1.064316623029112563e+00
4.393621335167999797e-01
2.274640984657733123e-01
1.759167610937935500e+00
1.842673884578337473e+00
2.188230331488701719e+00
1.951321921637123147e+00
2.662863019281689336e+00
4.984774048626815279e+00
2.240403473606561224e+00
3.196543387884056564e+00
1.056307138933498813e+00
1.284263577660082811e+00
2.665478953214176716e+00
9.311896882620935845e-01
1.757955053717808358e+00
4.406290563006572292e+00
3.216038779565569605e+00
1.750897010676063070e+00
1.932490843219195398e+00
2.522718169516608100e+00
2.846956310243556665e+00
2.409264869579813340e+00
2.151698333882294811e+00
-4.042259205966334812e-01
1.766718323018405368e+00
8.684034292426133783e-01
9.221959071367626937e-01
-4.833610537262210904e+00
-1.823669334540399589e+00
-7.130856592037586594e-01
-1.139923500908661014e+00
-1.066781369056383211e+00
-2.692546857731921595e+00
1.462265018347083778e+00
1.217562649225434335e-02
7.739865979548479213e-01
2.003844547601888681e+00
2.535301116644697483e+00
2.862071995391650248e+00
1.463593345309353921e+00
3.064951869749695135e+00
3.171212814299322336e+00
2.916099751680351737e+00
1.515634576084724960e+00
4.753227413902614273e+00
2.702668319845847655e+00
2.228090859264068246e+00
2.588729710427025488e+00
2.889246741878489733e+00
2.723760596356512576e+00
2.727799784384576931e+00
2.544902023000221725e+00
2.510160202968054310e+00
2.826296715036757945e+00
3.179495682094088949e+00
2.786812439492080795e+00
3.097365697474107726e+00
-1.773575903210572680e+00
-1.186954663090713069e+00
-2.371167824170851368e+00
-1.867331802940784602e+00
1.119336551014838976e+00
1.008150508531915124e+00
7.004775863096490696e-01
-7.058897205774993244e-01
3.869248569118569403e+00
2.524912147281117125e+00
3.300179457330679522e+00
5.034193812831284198e+00
4.967609505001265191e+00
2.356453981178517232e+00
2.261716521877333186e+00
2.421641820724126593e+00
2.005139681664251050e+00
2.333260834000980388e+00
2.435742940182681782e+00
2.370986434385506048e+00
2.358253561891940908e+00
2.395376604975229640e+00
2.433958352769413302e+00
2.607926872506547866e+00
2.252907634033162410e+00
2.019574074131591068e+00
2.092990691508620493e+00
2.638297995166783760e+00
2.537293695635765900e+00
2.883929708051397700e+00
2.834665554400352949e+00
2.713652064808217190e+00
2.748455549101568973e+00
2.808650839606053662e+00
2.809350019493093153e+00
2.802308012693558226e+00
2.829325743239107904e+00
2.814069606408150293e+00
2.832475941085911497e+00
2.822314405166821860e+00
2.664749935784828772e+00
1.221276537221465119e+00
8.816087081356298594e-01
6.704212205924551249e-01
2.082946860170233450e+00
2.709969939161721797e+00
1.069631964731931006e+00
2.198769891233133489e+00
1.993731610619267514e+00
1.949589847017435762e+00
9.030126052271250092e-01
1.171290441550631112e+00
2.435330878711629232e+00
3.001200540371670833e+00
2.470593378642444549e+00
2.253984325548887391e+00
2.714391329580362555e+00
2.822501607903384446e+00
2.358165388193695922e+00
1.136221036224611236e+00
1.768276717738758386e+00
2.631269459975120739e+00
2.326315800342946716e+00
2.704939428987894079e+00
2.703466964642625037e+00
2.739866284320432666e+00
2.392298140505035420e+00
2.589737055789463227e+00
2.526671184901091660e+00
2.776995667707741422e+00
3.084356917759491168e+00
3.013539145212082104e+00
2.189448058344459103e+00
4.469439144723045265e-01
1.522396160670036247e+00
2.088465926140234519e+00
2.096909402382574505e+00
1.205767990229916320e+00
1.679588835274286929e+00
2.024879067824729706e+00
1.644195871980168366e+00
1.758381260550254233e+00
1.611478773199407799e+00
2.403421006871514276e+00
2.604325524129349034e+00
2.229267509279335258e+00
2.421598436890877171e+00
2.242722905167295000e+00
2.499893970651763997e+00
2.808045074119898565e+00
2.601699796589669322e+00
1.909743188089244592e+00
3.007026891273679059e+00
2.493575606645079379e+00
2.102969176676221075e+00
1.443558720568215215e+00
1.643219254867920087e+00
2.530987499108173555e+00
2.816323455809659926e+00
2.245142311524911616e+00
2.146438092950378795e+00
2.151634419032804058e+00
2.603136351128688020e+00
2.228237941667229549e+00
2.157581674427575535e+00
2.607763866956746668e+00
2.434016221055590901e+00
2.037288724846527899e+00
2.210398775560806328e+00
2.229872665690578515e+00
2.734560988834059625e+00
2.748824225354908890e+00
2.615011911062622207e+00
2.692683059276350210e+00
2.428741504921955396e+00
2.612043187507095965e+00
2.536958903890208727e+00
2.502633861337118404e+00
2.652530385472449126e+00
2.245569026127714363e+00
2.317608125469155844e+00
2.285700363922395617e+00
2.864283663214104436e+00
2.234127297143218449e+00
2.532212081831066719e+00
2.434864644869663142e+00
2.704241798537495800e+00
2.707199053289939261e+00
2.161779445686825341e+00
2.376257452243723201e+00
2.171966428317467113e+00
2.221941424571697077e+00
3.081972793035606450e+00
3.088027999058444273e+00
3.106428212268096178e+00
-3.579380984773406738e+01
2.581188299192343827e+00
9.497586117458485244e-01
1.489341589933525611e+00
2.142807467172006319e+00
1.072295018710870407e+00
1.520485787905445862e+00
2.099051175406183134e+00
2.567773813801577987e+00
1.862312771297811587e+00
3.132740919500998977e+00
3.406157508422745561e+00
4.190751202714332990e+00
2.253168411632056500e+00
-2.264119722129191103e+01
-1.993060955445872295e+01
-3.175579138289693404e+01
3.207287739321138531e+00
-7.094042510689194891e+00
2.935185341821196836e+00
2.577202304471524652e+00
3.074755681123308104e+00
3.010275058760422784e+00
3.033432185745017051e+00
3.131834458517253950e+00
2.529657132977510603e+00
2.646888687903238058e+00
3.048781715778145163e+00
3.070330609797106369e+00
3.138925896047545461e+00
2.928949864828648941e+00
3.225385484733264807e+00
3.494576845803071929e+00
2.481779042500980470e+00
3.286147818497014761e+00
3.448787260077696537e+00
3.167574738545014590e+00
2.952261573910361481e+00
3.086902018830322003e+00
1.994810098742750615e+00
2.902999697851579963e+00
2.751930958746890532e+00
2.656261968915966776e+00
1.911702477608630435e+00
2.547880303109577582e+00
2.895965017388268059e+00
2.491076030668586849e+00
2.822616881219927265e+00
2.455600392624503581e+00
2.747936354811951531e+00
3.060021835651492772e+00
2.740180998587903982e+00
2.626256427027638285e+00
2.340515824578639048e+00
-1.742932220676977728e+00
2.049715092972217434e+00
2.689265292848922240e+00
3.570327700364619883e+00
5.147706793323593821e+00
2.903231110112046931e+00
2.730821910771477512e+00
2.685754366380713076e+00
2.994545787944414617e+00
2.249685872515096552e+00
4.671229939362026684e+00
2.848914953894326807e+00
3.184718491908894222e+00
3.049987530639547639e+00
3.018894895177384186e+00
2.938376266027654893e+00
3.009641579950518064e+00
2.823957346652537392e+00
3.035951183642148443e+00
2.880169552409040712e+00
2.352396120258450907e+00
2.772590127394921833e+00
2.477938338434812593e+00
3.076510867480744427e+00
2.708706211326819435e+00
2.107136801322181618e+00
2.274948504370079672e+00
2.065619173389412477e+00
8.379848105850320472e-01
2.892662701889994192e+00
-1.131958978569908236e+00
2.889906836209932717e+00
2.667104267250271388e+00
-2.399583753853922641e+00
-4.810905603889848337e+00
-1.245401685698375172e+00
-2.114306315843031925e+01
2.867631899583007904e+00
-1.100071007544701773e-01
-3.808443468347744165e+00
3.216603910811344669e+00
-2.278440119981220491e+01
-6.165627033593491291e+00
-2.030657370351464408e+01
-2.129466055541110947e+01
2.450284394895312357e+00
-2.819417857252068060e+00
2.027281147202895539e+00
6.393783760487136369e+00
-2.387279718134106776e+00
3.463990696337215791e+00
2.455253134211043076e+00
1.593761519566526896e+00
1.369786425947568498e+00
-4.701088583195934945e+01
-1.351649205410230437e+01
-8.957118168909600442e+00
-1.012854831437301328e+01
-3.017756046210562815e+01
-3.794639596750310062e+01
4.094293036767429506e+00
8.393502942677117939e-01
2.369784561171450310e+00
2.216374700378432205e+00
2.163933188056652579e-01
2.754732101676334644e+00
2.544895988583978141e+00
2.361995178113069471e+00
-2.746305686744349472e+01
-3.806371237188944434e+01
-7.470309784921292717e+00
-7.899346608082450372e-01
-6.548702800545327385e+00
7.021889894426462941e-01
1.720120511133846009e+00
-2.881329773278651918e-01
-7.492081833354816922e+00
-5.702518943353764858e-01
-6.436682009469280041e-01
3.390202147191180071e+00
2.309049511184327219e+00
-2.400219146372215118e+00
-1.192834002444415731e+01
5.177257124660587628e+00
1.940714370079512641e+00
4.732966988142472076e+00
-9.883812362246709782e+00
4.326033775523562497e+00
3.293282241312379011e+00
1.636060618358426977e+00
1.469070711177087318e+00
4.933663961609134674e+00
5.209806932813588531e+00
-1.614650748617783904e+01
-5.132752108289562187e+00
-9.725691090055554877e-01
5.895817797499816049e-01
1.052644429351034860e+00
1.752282755173069972e+00
7.583176818420920284e-01
3.544005242505011921e+00
-1.916340191449758867e+00
3.707227002459553500e+00
2.208795829608156680e+00
2.549704772743088821e+00
1.716316429060746884e+00
5.903846013841789642e+00
1.177447871976920801e+00
2.306446145788472180e+00
-4.240354669844292879e-03
2.786520611601082109e+00
2.250932742463209291e+00
2.893218644982011423e+00
5.108808538230273921e-01
2.313510467773796542e+00
2.636416520837656652e+00
2.443852193900488690e+00
3.140022115807012071e+00
6.476638570262909234e-01
1.369905633532884526e+00
5.902742339541667826e-01
1.666568636153569427e+00
6.868160820977349257e-01
7.243826291606888512e-01
1.662440796851906377e+00
7.577878413888644582e-01
1.018164638085203855e+00
-9.944654962464319903e-01
1.643243766843042186e+00
9.499599602072291704e-01
4.959227352030980973e-01
-1.912517990035861315e-01
-8.571315745103917916e-01
1.714524076926430052e+00
1.716805401662283126e+00
2.106241882441023616e+00
1.848427522706211690e+00
1.389064661625634578e+00
5.455526579101570572e-01
2.703059641146182690e-02
-2.989240019588713659e-01
2.089500531043392284e-01
-5.281579722634051066e-01
1.094486237182743071e+00
1.303156373996224415e+00
1.893748938509611790e+00
8.137305254602607008e-01
-5.666362239573732307e-01
-4.356015938135482379e-01
9.419323100080368993e-01
2.291556336898455726e+00
-3.869578857332155231e+00
2.420636171380883828e-01
-1.775985926610096910e-01
1.084784614197426444e+00
9.261592704850628577e-01
-8.835577350173833278e-01
1.635903842907646677e+00
1.915538036536472699e+00
2.036143527062544312e+00
2.144121669793352059e+00
2.420971672475151770e+00
7.470434750419482350e-01
4.361429479104314555e-01
-1.498538177357686463e+00
-7.525039498626139300e-01
2.498187405186743648e-01
1.602010191328437250e+00
2.183012562186289474e-01
9.974569075379730032e-01
2.687410418863797279e+00
-9.435357403257913500e-01
4.942580438993690595e-01
2.001712593702113629e+00
2.855032228048787868e+00
3.562511634142530026e-01
5.354087880649445186e-01
8.414615423719875587e-01
1.416248059101720580e+00
1.859582874209677605e+00
1.386612059115141182e+00
7.577173257840980058e-01
1.326333641402412500e+00
1.529116894638807178e+00
6.001195307163045278e-01
1.535992295534656771e+00
2.214652366942564399e+00
1.799363665141280544e+00
1.316919726050932438e+00
-1.194038485307026498e+00
1.560979278877787202e+00
6.253459631048189360e-01
5.683188842512212346e-01
2.217743491133342904e+00
-5.838872921957666051e+00
5.516218902761125253e-01
1.342321190218342952e+00
8.706495050481848352e-01
-1.973497905536903962e-01
1.913464671168974895e+00
2.524496471591302083e+00
2.862306248372590733e+00
1.339895628867916244e+00
3.502306627333725553e-01
4.218421216717884725e-01
-1.910041462441757210e-01
9.402875624830910883e-01
1.016840812510396264e+00
1.269923730163536213e+00
-4.445058572835171029e-01
1.084535142862833812e+00
1.329767303652926724e+00
1.738441136214120775e+00
1.635528190830729756e+00
2.245396106962057825e+00
2.856565898688677718e-01
2.524415384055633815e+00
-2.084151795150752662e-01
2.223285682239493966e+00
2.082304379929058147e+00
1.643354432345453198e+00
-2.491312567603310768e+00
2.871366922072256522e-01
1.271995209918219460e+00
2.229180996253490310e+00
6.452993315128419116e-01
4.258377539483985674e-01
2.867276846272755364e+00
3.245798599134339657e+00
1.220810743097116902e+00
2.774433565059238216e+00
2.856315912536527168e+00
2.496183955683140887e+00
-5.542363974266182325e-01
1.940993497279799529e+00
2.907404512546962749e+00
-6.679674842274097024e-01
-1.770049232875362755e+00
-1.226158818555903807e+00
1.672333665190611551e+00
2.328639343837865638e+00
2.795815715790475053e+00
1.691909612058026813e+00
2.207134473024866761e+00
2.496114352514251067e+00
2.611447488233891168e+00
2.677451612368158429e+00
2.614784756968918433e+00
2.966316473289368982e+00
2.489145509014996982e+00
3.062659425330764407e+00
1.411079048774442013e+00
3.038424355133049204e+00
2.215423072549920214e+00
-4.339619132514703992e+00
2.969765050072378454e+00
-3.146916223382568045e+00
-1.874136660182986969e+00
5.340607882199064349e-01
3.095393448184133867e+00
2.956437750461234248e+00
-8.249388541851301326e+00
-9.961485300822512379e-01
2.218956665703664122e+00
3.211016888503346767e+00
2.964496596781447391e+00
3.079025641208668951e+00
3.049600733978946820e+00
-4.766527174140499312e+00
3.193580883019076833e+00
-2.848223649415893455e+00
-4.316726339493930809e+00
-1.696138360665148781e+00
4.790569436798073788e+00
7.147000600083349697e-01
-5.876134741595728350e+00
-6.610480966629298294e+00
2.612384823879841278e+00
3.911583701549551595e+00
-4.651552004244784655e+00
-3.300059530513311579e+00
-6.042454302148602352e+00
2.484034518230918698e-01
3.994042968956054374e+00
2.505952325355959243e+00
-3.041302928271777617e+00
-5.848464064110696192e+00
3.258991946489788294e+00
2.719016369804371003e+00
3.766826631111063417e+00
-1.809027330137384038e+00
3.439652938676051708e+00
3.944282406736681956e+00
3.603574854251841764e+00
3.092534178963439295e+00
5.156072242374156733e-01
4.172206132345324114e+00
3.464075460065082268e+00
4.162372753797672686e+00
-2.058770244730611765e+00
3.715341344099217569e+00
3.838230279557011571e+00
2.720005373311651375e+00
3.235391038001586672e+00
2.609742226481471583e+00
3.229769859616595240e-01
2.118377201502048113e+00
-2.400557235054841421e+00
-8.736582574874989238e-01
6.049454159920972796e-01
-4.582170874461132470e+00
-3.770860446836536539e+00
-3.806331174559982600e+00
5.382546998122268445e-01
2.424345976865469598e+00
2.544990264108415001e+00
2.808749486735409917e+00
1.713583613632116753e+00
-2.485190336571412750e+00
8.804074518914121183e-01
3.345524665262385788e+00
3.084199839418202416e+00
2.096218612460932995e+00
2.433410152582487829e+00
2.698438842344246247e+00
2.975590935716659668e+00
2.901887656768130430e+00
2.864007167138062027e+00
2.987893146381117582e+00
1.417639951360301076e-01
-2.360127273912134838e-01
8.068166151314462020e-01
1.252019682606466899e+00
-1.535606915976110765e+00
2.315154788213595438e+00
2.772256295537145476e+00
2.657493346723123206e+00
1.849818185143800253e+00
2.057197391491399907e-01
1.621339452646557655e+00
3.590681038119883262e+00
3.437257181637234815e+00
4.033398292083327341e+00
3.917284364898571347e+00
-2.582134026485388034e+00
2.884732293582251028e+00
3.224135158564969128e+00
-1.768191788587067048e+00
1.099526499673474156e+00
-6.810787506490101340e-01
1.807837574526104607e+00
8.821619639407340951e-02
3.625594851818044972e+00
3.888140511805679100e+00
3.917555614353661841e+00
4.141422949571974321e+00
3.262642688363126542e+00
3.485860189581659885e+00
3.751048669425204540e+00
-8.876545195496883256e-01
2.230845505261228823e+00
2.676248716408604622e+00
2.667925731767889275e+00
4.844649324903751442e-01
1.995313834794902874e+00
1.235935700577215357e+00
2.379303189013041386e+00
1.330543966523080046e+00
1.554190367743156997e+00
-5.082691683927920145e-02
2.088936715464012384e+00
3.854128656726042657e+00
1.470225884165040187e+00
3.119199602404423732e+00
3.164331962665024811e+00
3.167894269852156608e+00
1.173838531362006110e+00
2.629397647852890429e+00
2.876760116663313216e+00
-3.560844990892074735e-01
-1.309900350051227846e+00
1.610915866323963552e+00
3.714121403470926897e+00
2.643655852999881262e+00
1.990304780966110076e+00
3.539615768047479349e+00
2.035670775608801275e+00
2.491458154883928966e+00
6.870835020082102784e-02
2.022878607711863008e+00
2.496478626318180183e+00
2.123340565167038285e+00
2.845670534017668007e+00
2.436725970243101003e+00
2.797287366751157744e+00
2.594948548814257627e+00
2.326477300226849287e+00
9.831150585092944816e-01
2.593207952754882584e+00
2.912228882794131835e+00
2.937981514697631358e+00
2.930953351794647777e+00
2.881767712378100921e+00
2.754272012797438052e+00
2.645392481382649930e+00
2.800416201477283096e+00
2.678150184023659897e+00
2.760536808117654228e+00
2.728706475149862420e+00
1.719833165863726476e+00
8.343761824791888770e-01
2.556128790428493947e+00
3.036028077533928227e-01
3.161200383873883801e+00
1.766733982569981931e+00
3.725726737006187506e+00
1.426619603563046068e+00
3.244959497800706583e+00
2.297521324918757379e+00
1.926205695192739764e+00
2.278760392937831725e+00
1.262004437024008441e+00
-1.808999326848911959e+00
2.511560461310697434e+00
1.372520311555719852e+00
1.530075008522120639e+00
1.671962867375414330e+00
3.204853769623186910e+00
3.172656883380370108e+00
3.248751277188500985e+00
2.026016146262866746e-01
2.265603855387599452e+00
3.257128832065182333e+00
3.329670905722920793e+00
2.287588352196556318e+00
3.749971071076516171e+00
3.463103130512052097e+00
3.003658714536722396e+00
3.407512064263616747e+00
2.759062403550278209e+00
3.754034160081039406e+00
3.222431946401399294e+00
2.694305619123397388e+00
2.721891433399161286e+00
2.411598204951937330e+00
-1.053339396367775826e+01
2.208066312782207552e-01
4.235420035191484800e+00
3.668459839324506255e+00
1.692174311570030731e+00
2.857961729795238437e+00
2.953184189919376479e+00
2.817020692289678774e+00
2.536792744520468101e+00
2.460789386190991301e+00
3.147895998604282042e+00
1.618509255027868576e+00
3.604566658545905966e+00
3.066824325000570450e+00
3.147894589829121959e+00
2.709431089025005512e+00
2.833723876291044164e+00
2.930962843413948526e+00
3.799098206917529197e+00
3.688666109428235806e+00
3.323188126477462312e+00
3.634857269151491543e+00
9.590123151216349839e-01
3.151133597139111231e+00
2.472832131726408367e+00
3.405261547247084852e+00
3.071044056332463246e+00
1.577382078647519004e-01
-1.100600632808717227e+00
3.459839587520964210e-01
9.485688821875541965e-01
2.091072269394261163e+00
-2.809201885348313610e+00
3.071286295850894188e+00
2.840715016367359791e+00
2.739456495485944387e+00
2.027372122813284161e+00
2.100709159704878815e+00
-1.410054089963638679e+00
8.846837240493379273e-01
2.966582034478920882e+00
7.632458983203060932e-02
6.323415451960513467e-01
2.711879318392434790e+00
2.758927920663789557e+00
3.707275110737510149e-01
-1.807578076385938370e-01
-6.249971381424047401e+00
1.810819415054693016e-01
-2.288917958131484465e+00
-1.794703824352710697e+00
-6.863596499429483799e+00
-2.047594553234079573e+00
8.640689137837227474e-01
2.079259917962733351e+00
1.422438776093957635e+00
-3.433103656675613458e+00
-2.120252304058289017e+00
2.231257666235768600e+00
1.445372498009898754e+00
-1.003537868423839408e+00
-1.419031571989719076e+00
-1.569723954415769285e-01
-8.621882875600206386e-01
-3.615327173596767363e-01
9.693155465665230786e-01
1.601810473186278561e+00
-1.034998168375365069e+00
-2.401474641402272958e+00
-1.221711768609019977e+00
6.241839628508112359e-01
-2.712731508218290344e+00
1.997407240010473206e+00
6.369679763457219979e-01
-9.991332638430211466e-01
-4.574969267912961102e-01
-4.398742245706426246e-01
-1.556099077325156843e+00
-1.451100339111436988e+00
4.172213010191367921e-01
-1.158757500512813010e+00
-4.799308701883176376e+00
-1.462287720259301538e-01
2.898790430693768627e+00
3.209373986855166727e+00
2.147207740602774528e+00
9.027360355268597703e-01
3.593112625251062120e+00
-2.208725788708927773e+00
2.492711824929679132e+00
2.314441216433761994e+00
-2.184230937519705762e+00
2.475361313262752994e+00
1.358039048890347100e+00
2.551689301250003261e+00
1.074519611614208614e+00
1.199343970956068484e+00
-2.235167816558428111e+00
1.115142503077259928e+00
-1.303484794398214852e+00
-2.757864656804941195e+00
-3.803563540844228097e+00
-9.913829669530693778e-01
-5.542498456828000464e+00
-7.067594913312973404e-01
-1.534408132824827131e+00
-1.724494338653087766e+00
1.473384474967950553e+00
1.135859036182875981e+00
4.320272231748535363e-01
-4.802309021310693815e+00
-8.481743088438971512e+00
-2.085081761622189056e+00
3.956063056778831299e-01
-7.028485430603189421e+00
-1.574495747176799076e+00
-1.548214102424715133e+00
-1.963358740103049005e+00
-2.926468350884142477e+00
-4.431622236080357879e+00
-6.376807224788220374e+00
-7.818276103471993643e+00
-9.257556465091461462e+00
-7.771363912337869273e+00
-1.514937927772730397e+00
-2.986611762662752412e+00
-5.457697172512560257e+00
